1000 100000 100000
30266 72663 4.166342744029649 3.2647195417016768 5.6794258148054375 7.785719160988624 21566
15186 25659 -5.150311118211155 3.3994520016877203 -3.7935163002461136 4.356415993015068 1244879
85309 69186 -0.40053066984966357 7.236678768775121 -7.62542629145446 -5.771331709330109 51589
91544 41508 6.213597941285801 5.469385288187469 -2.0013410940116234 -2.2012861277404516 72070
26957 30329 -7.590291463857797 1.6235730551981753 -0.40706043640687284 4.638655341157987 88660
35305 41486 6.64088043268994 9.174058502613164 9.150331748410828 -5.9217437820999645 19511
55197 72364 -2.5209498479244115 1.6845038810381645 1.2368838949960654 -4.922430422457646 64515
32330 24644 7.210545642957037 1.655091963583228 5.594090123004635 -9.981109530548354 73857
22588 94637 -0.20531377408542184 6.00684448142211 7.9546565517805625 0.8646491177904263 99778
39034 77662 4.105149072170089 2.1316947185872444 2.138878694367998 -9.721840228934134 8052
24254 48941 -6.671347352300003 5.3437498297224195 0.9111614896162905 -1.8622139055757003 29118
26827 20602 8.179183185220548 4.1147219024134944 -0.9426931450362517 4.130608010369121 55280
63358 33463 3.297936890991851 3.7504365140254663 -1.7695851662632496 2.5220481754864785 55523
30648 1715 -3.1479229227225236 -9.395611411202706 -0.36666204776169486 -4.913083270381524 94752
40197 96998 -7.932298787760168 7.534280880552501 5.001939184859555 6.1746059485241105 61893
77689 56634 9.573253789472457 6.3858426502838945 -8.449865648603724 3.2632997237014933 69982
42172 18289 6.332117742046581 1.6405551812057126 2.444508818825902 5.620913541831257 49149
49744 6597 -6.698653269275015 8.123943345341143 -7.949729430584349 8.858576135892385 3150
5517 12702 -7.39561654694155 7.502115485241859 1.4437175364474761 -6.342836870922248 72940
59790 71023 5.433653701172968 -9.195896110706148 0.450732921784196 1.1727736984231214 32696
99085 9996 1.1200635193533408 4.720212564138649 -5.099247600930492 7.52633102859166 2554
6847 58088 -6.7071448338549455 -0.8488899486969554 4.219526847388433 -4.764707449882977 44033
59768 37865 -7.71678697991695 8.003975713422214 5.278276776137734 -6.451325389066424 9244931
24141 62002 -3.36770161842769 -1.862167221597037 4.117805664579105 9.139276701489674 4000
22826 48024 7.364277613793398 -9.546447204368388 -8.827679057988703 -5.62193657981259 77872
26632 12678 -9.507256840190145 0.07169352243276705 -1.3851972736126523 3.5979661320501357 89813
60090 87952 7.534154664942484 6.389010112949148 1.226071681039409 9.468323067509797 58256
31708 76180 7.150426985094384 6.57769429351233 -8.890313007639218 -7.748202436714013 40394
62999 36956 -9.241344040733082 -2.088501820020374 1.4360580580891522 -9.958418576623513 31612
2702 53620 -1.2135173002478261 8.306465242326226 0.7024444374996257 -1.979212713484209 56042
30676 12410 7.562298137246248 1.3830642659597707 -3.0583286658328213 8.226239713212944 28945
67069 83783 3.152449821485657 -7.374246060301983 8.914903996203648 0.1340667801574824 3205
18686 94024 -2.8831274196208723 -1.3632831678831216 2.325977610804035 2.7654328006898847 7102933
32388 89926 2.2627389866631713 3.098312599179744 -9.045991750073878 3.9098909045957875 66053
91616 87840 -0.31633145037474364 -7.260303552610461 4.715697022635812 -9.78922815383568 7734
62749 20090 -7.492914097232186 9.627383114284687 -8.52911925838594 -5.605450522856237 6968
7569 33761 3.5609265388983964 7.289850270593448 2.580171530309787 -5.751672075286898 40888
89395 87137 7.572977383187155 -4.07237110591764 1.8526152270841756 -1.9714386283313985 69722
14985 91047 -5.896106391087923 -8.271180965329783 -5.078978249003951 -2.6886553746801845 57248
90273 76459 8.083065907134774 7.214830374976785 -1.3455631175223974 7.109057404698195 94897
14675 38412 8.690030002203816 -9.741565131468501 6.05102092746483 -9.762824821159699 11998
90097 99782 9.645944611187865 9.383472697252714 -0.7282068038720126 4.587166573411146 8091
99507 17716 -4.265193629907403 -9.187031185356195 -7.847174635271854 8.105287872793845 69581
89727 29506 4.507604752203747 -8.218668494776487 -4.665649820390831 4.446673009058976 67494
49657 64384 9.845600692757213 0.17451885801996703 -1.0762491720463068 -8.909663297910251 5353
39971 88113 -8.35666455733373 -7.649252550922487 9.575836018819544 -0.7956289042199032 16918
86966 86788 0.31893092004659174 -9.775027072094847 -8.317055492127835 -7.136674975061861 45977
11680 45524 -0.6249745160111075 3.0188850974017267 -9.101961035311438 -3.6417356972642363 37814
87885 79172 8.530328864445874 1.219954681915084 -1.5600452768377515 9.238335856337848 98034
50654 95660 0.5153152338507976 -9.858879388452895 -9.333798072633703 -8.403529952818644 72021
65709 38821 -2.683040188100798 -5.506523587729342 -0.2689657958448972 3.6697556293848077 53707
50563 57208 0.8735116297008023 -9.538605608769481 -8.4244351300683 9.938833632356353 90732
34452 95070 9.774551320558263 -9.391817949193195 -8.43637134199481 -8.556828265690047 95515
56419 93876 1.3265175501460629 -9.718376055715508 4.074192461539566 -1.0186756982760237 208
56564 5443 5.87782196897636 -1.6331479884990507 4.480276554614601 -4.216771675779388 18128
27425 28935 2.2018225353655367 -4.004543861413157 7.491500163676584 -9.692581324161315 72096
66348 30160 -2.6604647200918663 4.246162508009672 2.6799858692296255 -6.067050038588324 49434
46302 23285 -9.201744408792367 5.158081205347763 5.897285582293602 2.447984891387488 42078
3316 94112 -5.618154396678701 4.947459163000394 2.9343424293918847 1.1659945254732875 47640
78041 97113 -5.17434637466631 0.68155499694846 -5.905404500904989 1.2218078666381356 41509
94561 3060 9.896371584275304 5.984505343923123 -5.401117873693277 -2.0965192375908304 46861
96648 39824 3.8101615103442033 -4.86748776438562 8.932623400352156 -7.257051757633164 98208
22276 84482 -3.645431608969667 -6.115775472853191 3.3785279745770342 -6.839330825925871 25432
4707 85418 1.9936218388083375 6.767604578607248 8.952829133797408 -3.631980115379873 707
52747 59852 -8.86196471299291 2.6569712545552253 -2.301905545042697 9.295567023528072 45007
76820 26240 9.93544666080128 7.07148782703295 -6.356226741241615 6.9140495658762475 81451
61805 8799 7.092335567892189 -3.0330823384631618 -9.185284150463094 4.665507567035402 65547
3926 17655 -3.4344925584982633 -1.2541420637970617 8.778683470511833 7.649584934655994 60815
77287 21327 -9.307580048840627 8.361187957620984 -7.481205115694389 -1.6111895000283596 7829
16240 62819 -3.6754618605722538 -5.542485692400101 4.273562600929585 5.444857254200489 11472
72367 40494 -7.7282302529103735 6.75922304846463 -1.7064139279971524 -3.004132238811607 65248
78986 88685 2.5339885157505257 -0.17318978505461757 3.0292225699751096 1.0271706143490569 7776
77585 14937 -7.993155723611142 5.2120405110024866 -7.156277501617523 8.100278743176375 1971
98836 98060 9.283293062723075 1.1434281156165333 1.2429679920306302 -4.662471625693674 46576
40723 39873 5.81511699429274 0.9532424019062997 4.534877544291744 -9.453461275142523 9785896
89436 88042 -2.9437556210863347 -1.4676158067512297 0.2831990865240144 4.296891460709201 11185
17655 64628 8.244374645772822 -4.94684331142373 -0.467305928840716 7.54746174246911 97318
1939 67463 -5.515005892805071 -3.6543503167917883 -0.6851848308383968 -0.9266936056075288 26898
60762 45123 -0.19294404843684632 8.136651185051704 3.2362235005499826 9.3859251084643 6056484
48419 41988 2.0909209476424486 3.7751500456412117 6.01522682091186 -0.39151523285468315 82707
86141 23307 -8.68780463488125 8.46221608623247 8.826896724419122 -2.387167151403265 6564175
91529 59343 -7.918283920919544 9.430510506125678 1.9747127717509798 4.656108569174231 2601949
99382 55667 -9.43490077787609 -7.82128111745203 3.469592640950852 -5.60700231039041 26182
22320 29599 1.3028825981060255 -6.841847503055931 7.937905759815326 9.988405986003432 3522636
63465 4123 -1.5981708839710311 -5.65490811605253 7.858463567450048 9.025846263068093 78276
18860 92257 -0.26950108271337925 4.660837523806267 -0.7790291931360294 -6.4552162030308535 59961
58388 52267 -1.667128328682022 2.1001776962923273 6.324859655163134 9.926249018026372 52977
48519 77962 -4.889371716698749 -4.054393990024778 9.04664135008882 2.2103099290091954 97254
43694 87943 3.9456664626900704 7.819262660207016 -6.184939082730798 3.5738126265460366 49117
89985 62444 -4.2018991458122095 -2.205452655063606 3.899069552524171 -8.723430800438841 71754
10018 85373 7.15459128386431 2.282961871267437 3.081711309757324 9.445279877983598 83444
23130 94229 -8.845882159904054 -4.421668096072224 -4.207110328224742 7.605944940253991 59605
19681 81323 0.08897380822984147 4.025572031587517 -1.1829273716777227 -3.328517834230727 79167
39583 37493 -3.1515598225155594 0.14069401606184684 6.749881380227759 2.1282533296154256 41187
90194 39994 6.181171608489652 -2.460879186782929 -1.9039981075896364 -6.949239859638374 68349
83490 56073 -0.276124238783396 7.28762382622331 1.9975090877853177 3.457021026483753 39468
11037 27873 1.7919355927476666 3.9443701148036645 8.551644254079196 -3.3936008968272713 14977
31081 68587 8.815849717743856 9.054554982098846 3.151481252040199 7.662921674470628 43626
95115 57459 7.614209826518188 3.948165758883274 5.622086794887085 6.386299028863604 96508
69620 78234 -1.1523751785880698 -3.5335442038091625 1.6105689492757271 3.087712977787154 1215
53495 56156 -1.576384673247535 6.159739159237294 -6.58538966825917 4.181602721690705 38164
91482 3867 -4.3010849969167815 -0.4928053804901662 -1.9906581376903532 5.1407183138201695 54620
61458 32452 8.713959626619904 -9.584461592301533 -6.779190895470821 1.8777117695688155 60369
7411 31816 6.987394733419908 -9.08303806626979 6.190093631955662 -3.2112879404002665 92411
11215 89286 0.7036263445177564 8.112676167068933 -7.243945535421297 -3.0068977889199395 8970
79525 11601 0.3419222075331074 7.74674845768282 -0.16397738242340587 -9.655491776890983 20766
93739 24746 2.1036606359034593 -0.7093463907635549 6.670245489413073 -7.697635177735203 5122227
28968 59828 -5.4050625695625225 5.460772249036225 -4.010810333841491 4.2023544409342755 62217
67119 63460 9.910903101403157 -2.7724630682286637 -1.3750055891033206 -5.817970052282277 9274629
16773 30987 -2.551701844789789 -2.528437982084604 9.156763926920991 -9.939738337263247 8186
97105 41965 -2.8747241396191363 -1.6324629824845545 -8.618410117688324 -2.819475659425999 53874
53648 82567 4.570185433169618 5.66662342352007 -2.1780863275124425 8.860932284065374 31813
23537 97276 4.850969689804067 -2.4967862003097725 5.023817613273497 -3.689867336642223 8465
13738 1734 6.827457137294886 -3.3122763208223756 7.292857383119657 5.9258849246058425 88663
47229 5809 6.722891827486798 3.188828863901712 5.109293435036392 -4.654236539928234 60733
35387 79379 -5.865621313703011 0.08526256706930369 0.8991736617141299 3.21351059989124 85143
74395 70562 9.941966388147396 -3.5988461335369992 3.478104408533758 5.649169967489163 20421
51213 372 7.217989533368311 -9.870467105484808 -2.0989643069112818 -3.697247267044112 59755
70947 76302 -0.5186343108759779 4.681948803899804 8.507018839527756 -3.417033084956371 27089
4276 1761 -6.124492171591793 7.117149045281444 -5.235923647708381 -4.985813820826572 19571
64088 98503 1.70535166046559 2.5204310349619874 -8.930224426609216 -8.888165273593495 70410
73304 64034 2.5612173409878842 -8.496697931734545 1.4660240647085985 0.6531907081066013 76114
43726 50273 -8.960312933177114 9.578759137575911 -2.1518108966162686 -3.022636571994277 39370
65261 48727 -5.799314666103488 -8.487202860502961 -3.7490611382260948 9.558185684610596 35660
34372 57087 -1.5444836203367291 2.3607404417388977 8.148905143800135 9.857029417546837 69865
87665 94451 -5.943200444526029 6.059187198344922 -7.80092142108016 9.329087373003254 54666
35939 13631 1.9015345034251485 1.5291083050509169 4.143170327729189 9.444098122637804 81884
46863 21271 -6.767569356943268 -0.05360442617391925 -5.992535930982124 -0.3216149253195404 65101
1291 67902 -3.9560508903780462 -0.9361537522719647 -1.0781984323528153 -8.994874231221779 82516
77519 46040 -7.623110282248957 -7.658554631167758 -8.577341146594382 -8.047755076525577 42167
25111 33 -4.579891156300273 7.69836753177627 3.5274059967406117 6.23781073247747 35735
75520 50259 7.101877526485183 -0.12043071580441733 9.51036966394106 6.959264427850439 53548
47117 6738 0.9130400008867028 8.604750244830036 3.262930860303804 2.182466519535435 41704
32041 15459 -6.7681697605508955 -2.658498378230602 0.44197170161262633 -6.761433497972547 5955
66612 42633 -4.463778773203455 5.319495377813173 -1.0774501985309861 8.806163573784943 29625
89307 50595 -8.919611797701577 0.8981237924186765 1.0375630585523314 0.10581143934559023 77317
975 95457 9.629867727883763 6.75076914205237 2.7336091642339273 9.304256450996089 9296
53646 85742 4.427942693021356 -4.620073217437555 2.1316191632162944 6.92664228241139 11468
68275 48704 -5.752589823800633 -7.235122383615615 -3.036182033019717 7.404216366603109 30842
20052 811 6.220662117946926 7.55327651684399 7.455391448880974 4.859769975186987 16415
87731 26378 5.696880312263534 -9.06112146218804 -7.326314726489409 7.497064837208324 5143
58047 41512 -4.068769928427396 -0.44654117188239795 -2.832069916163662 9.46224461545874 28050
35848 71902 -4.453132905174186 1.0953149151898032 -5.315112697744253 -0.7434731189952419 6482369
46934 27963 4.150630230329961 2.3487756407105493 6.6704460008258195 1.9209426474337832 74882
87691 92937 7.571933524014231 5.889842406755566 -5.895047200137837 -2.730781687225832 17283
58219 78227 8.002612472080234 -4.758507669526368 5.882943658407179 1.2646984225769557 25982
84428 12878 5.0357495407832715 5.912953362622575 4.141155024429029 -1.5478117911367129 22956
29710 29039 3.476116422723358 -1.0818889178350481 7.983110636701191 7.884465661359535 67503
1172 20402 4.527397926011904 0.11499515340339173 6.793221001148133 5.9709745231539575 98476
54982 42608 -9.960782054212432 1.1501456681169664 -7.593112280607725 0.6922345872643234 91671
79416 91240 9.503051139500108 -2.65173667078966 -1.1706133176423883 -5.143782711149711 74312
66945 19846 -9.680218757265862 -3.730824064156324 -9.733124252588985 -5.342437463309393 4432
21770 96412 -4.508370782265947 -1.9489035204687166 -7.8625591608182654 1.2255299550300869 98578
63987 92764 7.970322346317033 9.276861958176717 7.358174367293216 -6.586844708761033 75515
29032 37767 2.6506349185349833 -3.214899301069874 5.616690366190252 3.495417065261474 27435
84690 31933 0.028123922924244482 9.838666711689477 3.1942579996943348 5.87229107960078 22021
22760 45625 8.784910152128727 2.463211464250765 -7.4652022992213585 5.051687555373139 78447
48569 79178 6.960076751150417 1.7436411758765296 -5.985934703813145 -1.7801862522051355 67371
34663 26544 -1.1358459280413395 -6.01341341033047 0.9987194631090279 3.1940443658289457 28991
54312 4800 7.101220738942718 -2.6119587847575776 -3.1719342206449275 1.241554165010399 48856
1746 776 0.13588001197053146 4.039537773262975 2.160263043552737 5.549089174122443 9019
24984 87763 -0.0582515337102425 -6.9918485235475725 1.459743416622219 1.8149730952601768 63361
47313 80965 9.478644906205908 -4.289724302377531 2.269232447163258 8.183294133357364 30526
83796 12071 4.8562731660843355 6.228661832382588 5.878114937660097 -7.3024232274330085 72283
68800 70767 3.4075164921958425 6.535399306500761 -5.156397933498901 -5.400548188045731 16104
3201 75555 9.091409884883003 8.356957533879918 7.610172276728942 6.745899297523902 13735
15258 63912 1.8838545774639144 1.798612564661104 7.868855827267726 -9.274798321259574 91291
80123 7362 6.942174564962237 6.5549784989589845 7.390977628296696 1.4926976993820222 10730
10460 87136 0.9893322313269763 2.3598012496802134 5.026353453639473 4.9064511060895715 26703
44073 47842 8.27451110125731 -4.214119233583212 5.261355975066547 -2.464339261742971 5694
4681 65295 6.903548960960713 1.7568053716762293 8.784559642850539 -6.759036063448429 6975731
24310 11590 -6.08425643570496 6.403368564071105 1.0527759851697702 -4.403767199880281 13515
48377 6838 -1.5268801353483532 -5.192470543003451 0.1622619601622617 -9.849948151345899 69109
32151 93902 -9.099684034288952 0.5065050599679282 2.042856892209361 6.568922555657451 39294
63424 5603 9.309818726899191 -0.860593412066093 -5.572148006129831 4.688529651060229 15174
23849 94443 0.6038693765076246 -0.32277602396080063 -4.931878122694105 2.2264371670655176 74912
86644 4768 9.958131947176941 -5.727900438360116 9.889089555502977 3.256457196735166 6691142
62612 54097 -1.0106545905241155 -7.737622801167041 -5.0798792933225245 8.294725969840638 18380
49054 22068 -4.588861604249259 -1.0358095814350037 -0.7031734451500853 4.001117983905004 16417
11499 42708 -1.0522151751630897 2.6403686035778726 -6.640867228094331 -9.347516776285232 66900
86813 84135 3.3324334353605867 -8.70045170998263 -3.0198682322171226 -9.30515650863649 80787
40397 89445 -3.9309452791004906 3.1962931779307695 -7.46560681806211 8.74613068959258 21128
56100 65987 -6.1678112304222115 2.53621996232674 -0.9099820956810625 9.270423153703796 35415
13420 59309 -8.089899787489141 9.772150083784304 -3.841087052520016 4.408514948640372 4943
3185 32137 -5.804570360415875 -1.0707180192058434 6.015722729841379 0.6458456045562748 83927
40547 12526 -5.045562073987703 -6.212378807103018 -3.59550112517028 -3.818454778079145 37717
10133 10360 0.3775860549429986 -1.7401408202968014 -4.156637862961096 9.84125085146746 34637
9288 88964 -2.48514664710906 8.072133968474429 -9.013250289319458 1.6384397841765157 56186
4731 49043 -4.039490980259217 -7.515052635434854 1.9136746374396303 -9.53364826232482 23834
63117 26187 -7.025294224149299 9.080964654558564 9.31043787627193 1.4654555140103973 96895
35854 64349 -1.7467768024268793 -3.7462456504872588 -9.621282003188947 9.408841054019899 8415875
39930 64197 1.2727118290493742 8.165169566065398 3.750361136626667 1.199465971163761 40319
6646 36582 1.8873817499968482 7.987387879844221 5.849749601666346 -9.509887759840115 98595
12775 2286 3.311182088526543 4.369745356127188 1.438657091142728 -3.727307294137585 52463
93915 30267 2.826772400775642 8.207838957835989 6.444322146051299 -7.650448156976388 34594
31100 31716 -2.0722327582158258 3.9797275048776477 8.541844630167997 -5.174503008734668 59790
61788 99907 -7.313823084534836 1.6655071297472812 -8.526507922583473 4.093748817912015 60257
32131 20134 1.5767018126091585 -6.801690548177217 5.461062650852872 2.6805151176395157 18461
25848 89659 7.972271389711246 -8.035728533644965 6.768126166292216 2.623569040021236 31347
84576 52529 -0.481605705780213 6.618988284415057 -2.458942787637783 -6.003854551603509 68805
49351 17411 4.065006481355422 -0.6733446839165058 8.378429264334876 -1.705567294938625 16039
98234 98790 -2.473961867443877 -6.5218243736914765 6.006818312955396 -8.58727606592451 48948
62542 85273 -0.4988767220988741 -5.793956957155702 7.971878406238137 5.45395820821132 89180
20288 68339 -6.301848612200985 -5.63788858406677 -2.298040380197195 -7.080957954771556 66418
63878 89882 -6.0701545576054405 6.455835494343422 -1.9095717067322795 -7.891380109122153 78106
92843 72260 7.034800707266232 1.2752758701256361 -0.2760000153045912 7.630632901950371 7788295
82316 85676 2.7413398695103304 -8.67752370945806 -4.671042221336701 -0.09030562271288112 60404
27301 94624 -6.010084339901307 7.186445991081083 9.366517303801693 7.310427717239474 7641
60445 15341 4.542688004847884 -7.49095334977897 -0.5408262785887796 -0.2526740086037549 35657
16441 55055 -5.885246614496225 4.689213310295822 -8.34505998848833 3.953952801942741 40342
92352 54090 8.335986931677056 -1.838048628777651 -8.383622086417748 4.53284947977863 18735
22365 41117 3.6286397132833397 -8.800719916001189 -4.335743117912603 4.129525245358035 47290
64790 1964 -9.24752813004126 4.792037872758051 -5.434703282937649 2.0665067022227213 45840
9456 36248 -5.378962242477456 -8.701345538059915 9.249358216403639 -1.23530082353364 6985213
84255 76978 3.5618722326657153 8.54986136214637 4.789310015680188 7.063158685455857 12374
5644 61720 -2.6314826333592727 -1.7055095825528497 -9.163648572505513 -6.728499711261422 9206903
58492 61222 2.8816706709030875 -0.29285401301889635 -1.544052812840448 3.5374115958289707 94666
32082 49773 8.449641846588921 -7.917486507903673 2.2165779486064032 -1.0468277303465445 25330
63260 31137 0.2616731642024419 -6.472688204339581 0.3803868465458926 0.7127777873114702 5229
86379 90355 -5.243713296731515 2.1851062581217597 0.9708108822069264 -2.3543100179167187 17727
41699 91055 1.6736102273517321 -1.19686467691729 -1.1240995143700179 -4.537419735887964 4591
23570 87855 2.983330984608605 -0.24683047437598482 5.476488459316357 -1.1774028142853847 17935
30814 92217 6.415703125151968 3.335914239435432 3.340626064804269 -7.930364311998057 97599
9496 7141 -3.5680835807824263 8.683495873984729 -8.842196562587715 -1.2817788210615682 66462
15474 3116 7.294048984546521 2.3989210919278197 -8.470620989980059 2.437672201119895 32661
31599 19359 7.084362720500327 -6.635899371057075 1.2147149615172363 6.846375014953217 52164
95837 33728 3.0983307689829527 -1.6998006005636963 8.461031864361676 -4.5863852847943365 26841
86891 69015 -7.435382497095686 2.153891961139067 9.634986540548045 -0.04650748145466821 27244
86483 71879 2.1912325751255572 2.8775929430336262 -9.100198267595207 -2.3367781902723834 20786
12185 16448 5.75599000060652 1.8138509964742955 7.825617767786277 2.7198069817849664 77334
43500 36630 8.589971586702127 -2.371899104003168 0.6235558425465157 1.1790683288167898 59005
72069 77818 0.1590229892126338 0.5358582603467443 7.352416788433395 3.8340931545246058 17612
35400 28544 -6.467444074795079 6.32378493016628 9.870649693302077 -6.189749398676057 18593
9917 6385 1.5029483885116353 0.670951160252196 7.68559885159004 -8.638760845795536 81051
88755 31977 -2.340320384935084 7.047309486776932 -7.210779522366025 1.8977487965882656 88847
32403 35475 3.9291167869128714 9.083757501214148 6.465755756387587 -4.865751732501633 90485
37332 6272 -4.657439972431603 3.3853496215101337 -1.3059733322465128 -1.2751809569497539 86347
55647 1619 3.6682250343583416 1.3839975564072642 3.005635480233961 -4.301397167921223 32331
3592 61809 -6.837487148169561 -2.266773046444486 4.135899416514011 8.909621814430807 94017
4118 51332 8.387176738310508 5.938295809511406 8.890160936652812 -8.866511453906885 44759
213 23210 2.1648493219634055 -3.0041736126108116 -3.869018128779933 -6.117269183643694 49624
40158 14657 1.7053433009395231 8.417917137149434 1.7430456415369449 -9.63318290795316 98864
77378 44441 -5.292688772685279 -7.659889793579488 -5.475945937882547 -4.887038596194753 82703
32321 3717 6.945818460853712 8.4791482374495 -0.2371556078832615 2.993042460639753 72345
76003 9772 -0.6790698514720894 8.001721808538377 -5.8956927701131505 -7.844037944303155 90452
16653 42801 4.6511760326397145 8.246899197611842 -5.57451410673675 8.95702585471491 82925
69059 56222 5.157590092154438 1.592357577550633 -9.613243441305556 -8.171626588154941 90958
87715 51355 -6.430076344998385 -2.9186729048698172 -0.03732999186457597 -8.875104602545157 34479
3658 38230 7.900899665753553 -0.01689896066802632 -9.899253047871051 2.4129333424106996 44764
86671 52519 8.558910356527413 -0.8573685279607055 6.002972005807173 7.743027608724979 3354
78057 35888 4.270217092379458 2.4162998767544046 -1.7024961623787238 0.28421616229539914 48420
13916 99098 -4.303075459574714 -5.752407003982527 -9.79773609239855 4.42310796876184 82262
34503 18989 4.044503477231366 3.5332634652777895 7.154907865974668 -1.5438942224968937 32147
7521 81130 2.304938557359467 8.842952220553258 3.8448678260495246 1.2112728399149013 94152
56065 64390 -3.044770223162791 -4.339248362528158 2.27275666766095 -6.7213562217639815 22455
68165 11934 -3.2937066826057926 -0.9603242715518778 -4.0219353396458235 8.551969874772553 59478
89534 69427 1.9499902004317544 -9.924852414083645 2.766537543594021 -9.774446289764827 38392
69708 15888 8.016070644956574 -3.2891021254572568 0.9229273676585876 3.3000653997706344 7130
18103 47823 1.7908151590389654 8.374001557080543 -7.975914002561117 7.191073100984362 2552
48379 51634 -7.501523965475454 4.137133567177077 7.213815833024398 5.534516789958637 5033
70749 68745 3.807446210337913 2.5815668662895987 9.899286217529287 -8.926793700682431 29660
69498 70374 -7.959397030726915 -9.571361540325562 0.8673392996588181 -4.77455147109747 32769
33757 38634 7.876262047770869 -1.3869996753956784 9.562373500951885 5.281064250481293 12464
39722 98741 -4.3510592275989035 -8.437837484332668 -5.27828813093209 5.653544073072769 8209772
90010 11674 4.749555295259158 -4.4413069698999035 9.610061468788395 2.8469736645579253 17201
43738 63373 7.050045018576455 -4.873779135280065 4.877950717418413 5.5308168891493015 96515
27572 37465 8.602224068547375 6.001344073531957 -2.65462976479661 -5.930371501543226 51559
50405 26635 6.961080036577982 0.15315858629449686 -0.9499959335678021 -2.9045195373929023 8958444
93749 89793 5.147571056874433 6.5595882599375415 2.068701269323551 -4.628550091936119 56220
77827 33124 -2.478288740776544 9.54772330118783 3.9287162412593357 3.5373696954865945 34691
91582 65783 -5.46738778518439 0.0696681620091173 9.159805791832884 8.892986294873076 92537
91081 89721 -8.924956318546977 -7.123127341025805 4.217141142333006 1.3823812711057855 2224951
75708 10230 -8.053866141014094 -1.6705943171160875 -3.94999922777645 1.2795832557739732 32251
60531 12476 -3.338101550634489 -2.128321482210098 8.930739404518366 2.909591741324796 67356
66183 20335 -1.926918284539072 -2.800789800738233 3.342990647724813 -0.9174808200089419 50304
54731 7339 -2.346467968144834 -7.380549166165659 -8.752666900314923 3.3539725617246567 5076
17577 35356 8.232208810706641 -4.1424389344196255 3.8890075267301683 3.2307936766395766 11937
29926 97219 1.4627985926044413 -5.8606820394657415 1.8724865553235759 -4.755504124044956 59237
24749 25172 4.249996417167694 -0.9447752087307304 0.6208840454377516 -0.8554793618962027 81922
82972 20626 0.018757473980709705 -4.7381974136496074 6.116021303701519 -9.86533378897664 75880
93201 15438 -3.7631176058336413 -2.237656254589022 6.862232564798148 5.80986628964286 58436
50912 69706 8.00584397154169 2.682964384051969 -6.79079694615091 -8.967999366171002 65292
1114 47114 6.035509258492265 -6.00695409960524 6.807755740931633 1.339188579596108 54396
98683 84811 -4.468439184459305 -7.3977468577496825 -2.8208678804609573 6.429738171504546 60608
66066 45981 -2.6070253847703846 4.868475354262287 2.546030076820635 -8.891673043513606 35867
2070 99035 4.09458051597052 -7.100373724228779 0.5134771890349104 -1.7943537640573055 5257
75497 57128 -9.591504038346642 -9.436233963724185 3.171001137288531 0.11536429398223369 1872
2998 79927 1.8561898253297144 -7.368415530528787 3.1981134865810112 -5.143253116541855 63350
17912 85169 6.650214533275477 5.329111123439995 5.824422130348898 9.482125565507385 44828
92554 61387 4.702008520020279 1.1639293414071332 -9.058569851608132 3.109706397993939 67056
25645 57965 6.344022127603321 -2.6098581985238685 -3.4328311404388234 -8.88834752845461 21361
34389 13437 -5.517617143436373 7.595841702764641 2.7418856096872837 -5.559368324058951 65856
88572 49653 -3.7591154084240586 1.0275102672940495 -1.2656533035484188 7.50171940866537 15580
23046 59891 5.019533126925253 -2.123102429195553 6.394389661522961 -2.1602993307035874 11612
7457 37573 6.570145068581645 -6.572981168114755 8.237380881517655 -7.56772838498049 54789
16165 91972 -0.5415126537572235 4.7626546107473455 2.0218088793267714 -3.4504922514921414 877225
47234 31779 0.75337532095309 -1.3968051118226832 -6.046655794278792 -6.333386331005664 37883
70286 30000 4.905176933197616 9.727054874148184 -5.777833011031612 -1.5190571331559255 70438
70223 8022 -4.436676173790495 -9.81431718539396 5.819781402304985 -1.944001690799091 34426
17470 54351 -5.642312066198977 -1.6849833913335495 2.8745807844891758 1.9410837800642966 77762
60443 38272 5.617605003349082 0.8541560895049471 -6.423584300321319 1.1406573253730201 81110
10830 85883 -9.462663286517499 -2.67988142171345 -9.082046526394901 1.9261610053637384 41715
91274 3863 -2.7243025604111804 7.846712460661184 5.539535899331025 4.5714772114385145 79437
61609 95354 7.777042814623179 -7.809785943132422 -7.382849770908861 -4.826185143195916 36572
85344 90585 3.1491189619799975 0.22736058102121426 9.364553038222315 -1.236342252172518 53225
22608 10013 4.655958889225767 -8.817945239802444 4.189319634027255 9.947269183427707 7715661
31609 85403 1.2318704781209977 -5.693029235649663 4.784562813741697 0.5964500472370808 77490
43282 39700 -7.759384814206491 5.524404477246206 5.697009041501541 8.892871757956936 27255
84487 55907 3.4867430761069773 -6.505959166141628 -1.4544604802053698 9.692719144064569 6642
41732 66728 -7.01230039412504 6.275018990050391 -0.1508775509395761 0.012898546349831008 20223
89075 87388 5.7124880780869365 -6.775476320995104 -1.771543205696677 3.98387615214909 97434
79542 16622 4.237939663776444 -7.834126463679249 -9.694778521959275 2.042213580304871 42062
51326 98498 -5.1879679955724045 -2.2338520814557628 1.3169186039051528 -1.0637679677899463 22692
22919 10700 -4.6411041146984715 2.498836375466599 0.45118744029752733 -2.9274039704296717 1141
99948 114 -1.639334771539808 -8.084814395087566 -0.8309466955938039 -3.777359703155292 71222
80300 70781 -3.969556834453856 -9.345637920578366 -0.6844387356511881 -6.857809507314574 74656
77044 50346 1.1014212951548181 -1.5273265638244702 3.7784524476135353 8.57448784300405 87616
298 29635 0.2776179656668827 -0.8910116714865612 -6.162212504369018 1.9465943699339405 93064
37659 9312 0.8352982722117819 -2.1387427738869036 1.3270427940488272 8.892038807153966 46070
10255 11787 8.711031696976363 2.654999859693623 -5.290717834974323 -6.21204989042689 72611
66690 1652 -2.9926271419034167 2.2425139540627264 0.08243092950158726 -4.489507568172111 98845
43027 6786 8.428822190390903 9.653839155695806 3.514983835170904 5.550271878404217 70315
86861 71914 7.825080275849643 -3.996604013218943 5.510699838266817 8.817652034280204 56979
57784 70401 5.089793618652646 -1.9381761458203517 -3.821630094827184 -7.037109389502268 66437
91697 91951 7.774806702529482 -7.244647070690058 8.405750934749268 -2.923411625433916 81901
8542 42582 -8.881569833521002 -6.208015027393308 -4.158859000726263 9.538506702533596 2851
70959 65175 1.06383016421589 -5.2347304601010425 5.993920748919244 -7.479730691507762 85977
70261 2163 -1.205875139197035 4.6864821380888255 6.50725813022267 -7.845336092181274 50694
58222 75846 5.20396657575553 -6.955168414201173 -5.254447697725797 5.6601867123780885 36842
69626 86081 -5.7298114943781435 -3.999229291109881 -9.868842476999678 -1.3850515298227162 38159
15870 2658 7.769322746727191 5.105825165589247 -8.597451520968391 8.023078827721633 16074
40260 51856 9.122633751503862 4.984649717102345 2.662984169768695 -5.617225627156255 33767
74098 34060 9.212472022055561 -2.68796563261513 -9.020785039100627 8.509345731404434 78468
20967 49837 1.1953765371421774 -3.010904683644295 6.277046770545272 4.866688022585777 92832
27236 70620 8.738524383371452 -0.8269256002254934 7.170533279289927 2.4659757026093807 98528
3814 66119 -4.722922914282899 -5.8528570325157965 -2.7427456718895904 3.6400456202900564 18825
15042 98578 -0.9405297315840233 3.8769173889790203 -1.6910837910245107 7.974843807076631 20386
2865 18432 0.8495902189693894 -1.5889434994093765 -3.699952592996709 0.5010484273472571 63953
71843 89954 -4.832664597568046 -7.5133910953252485 8.54176496507263 -2.3935838233281164 90565
78608 58806 -8.850677251257498 1.670007521212888 5.80025866369585 -8.169759709922301 57185
50000 22706 -1.0837059630477661 7.881743831331974 -0.4000794315282441 4.535550490559146 34107
96897 62102 5.72494734891225 4.2814974505103365 3.796279296310738 -8.405930427224305 98592
9898 97150 0.6596814764672949 -3.480462836916196 0.3423042745477183 1.6359459226439022 48388
29287 26006 8.556113966053825 0.8934431223739097 -1.9094645743069165 4.475558401435524 98498
79362 23683 -1.4930638856317344 9.089964227423511 4.078052032538928 0.5058721498208172 40820
7302 60109 9.908492217589078 2.362658190280767 -0.6128575304275117 -0.19662089708184638 52341
12327 39109 -8.899584637997835 -1.5400754530473648 3.334376197509748 6.361161611950283 53652
24314 64837 9.496286251602264 0.29532563446791826 5.674337143929268 4.980953572722889 52559
27439 25172 0.14498388667910866 5.7932104549817005 8.37800681036585 6.035352073676698 44297
51504 3903 7.562671320036337 7.9506990112056855 9.646486416347408 7.278613566110188 3566862
38929 84713 9.851073339379436 -9.19916501452667 0.9027931116296664 -1.6045202107829866 50523
2175 45480 6.570207127639097 -6.138178156414627 -5.4021861473879635 -4.653321865367735 54989
7206 97260 -3.904199011106531 0.8087347270738441 1.8559674544801652 2.8696242582911236 87032
63682 4343 -0.6636661084464386 7.498662603264506 9.337031332320066 1.6693072072396404 94969
6178 90139 0.21507685051951952 6.430408819233051 7.209619225807444 6.078972160624623 86578
29839 38075 -4.427286411631783 8.852052097285508 3.486557781941965 -6.473838630404769 56737
45879 61590 2.586276311573192 0.26994175434133894 1.1553807871629864 -8.618464977538828 77693
45754 87799 -9.838611459893194 -1.2831794206123366 -7.862664980508627 -6.753360210101224 58510
92908 58154 -4.084152134672323 6.7871937049554525 -2.3139637838160336 -7.745508028196233 21131
82493 55316 2.855388170363817 -9.690477244533406 1.6983954024271668 -1.5009001946248883 93429
90465 5284 7.0960198474714105 5.055969972310262 -2.393471690667317 4.11984282731674 80886
98806 77369 -1.374092688576134 2.4149251433607226 -9.14944769814662 7.389566821190101 26405
33933 92982 -7.970057929400303 5.061980053722994 -7.613195330368752 -4.653383230794219 34957
23639 10763 -2.684014711588862 0.0656143251008885 -8.704741618176733 -7.10182902165265 56990
23441 9115 3.714634656945016 6.74280863133448 5.11632464605956 -4.000689663874311 5242
93066 58910 -2.5711162115861086 0.2508848192559139 -6.965049694926018 -5.57608285607942 30185
6465 6458 -2.766839789219489 9.449158105248706 1.0834072183968928 1.7638899613515395 65262
15914 71317 5.68176182483551 -6.669389194148286 8.521436585376389 -4.489071044186959 39435
54264 45282 -4.96550092136872 -7.5267020705662375 3.857717998805157 -8.21066273743192 30833
16956 70703 7.421037405741945 5.889165739122184 -2.3474687454012555 9.719904584030733 59106
620 60657 9.09711651403262 -0.9655025232866681 -9.340326156128857 6.772890039161265 68507
50512 98688 -6.252838650551356 0.08232626097165685 8.576873821174122 1.407727481132854 89319
91867 81453 6.371115082652764 -2.14183875584194 -2.5313999972084726 7.536442728917869 67870
60443 31738 -2.0228829467844704 -2.0017885040902943 -1.9861968679003716 7.684898351565174 73057
56966 72397 8.22751181965915 8.58853758267675 7.375725562626215 -3.672874216323465 78688
38925 48244 -2.3424880871233267 8.943512437225955 9.844943571767384 -5.52978200801938 16121
45144 58585 -4.729406922222649 4.656888178452004 -3.354231161801888 -4.412035849432732 1015
17241 20554 3.570770954970076 -6.589491385660193 0.07872743702638196 0.19341622292804672 7371624
37063 74771 2.87613128804373 -0.22200945522713234 7.46912970750817 -9.873545660794509 74335
55185 24414 4.628361459861541 7.9782255843878325 -1.3757943379408673 -0.6834906972312478 7586
20015 85838 6.00364407886515 -5.1425112812259455 7.008545777003739 5.1969380265659915 46575
28001 37315 7.017354723187374 1.2917453650921118 6.490915829574899 6.964121679071958 50955
86478 70247 8.010405416650677 -6.918669501638355 -6.397641436217516 9.608479970509475 57976
6854 29674 0.5056304123440558 0.4475274738095525 -9.29271841382102 3.689194815574705 85465
56182 45242 -0.14577611675478508 6.492944559303254 8.181220968573221 3.7036994556298968 31111
15650 28673 -9.154562795633082 6.878640338261221 -0.7411072279506214 5.6354030137638045 10550
48299 28735 -0.9028853711441638 -5.5564204741622225 -3.015500200498291 -1.202710800841606 56748
67254 82752 1.4844378486476533 8.046248956496711 8.621191632006514 9.486479687467217 28544
32288 50354 -2.8818852227908813 -1.101445984378632 -9.752873365674258 7.095324480771307 90732
98875 97745 -0.5530479562167585 9.317975194578004 7.725375924233489 1.8751172033299994 98543
19556 36919 9.554081224195453 -9.419178067312767 8.226359356203691 -5.4523760858210775 16418
95882 36086 5.925012731135427 4.684871519915481 -8.922559314129845 4.85257230064213 67149
23023 76956 1.8249760689640055 -7.374726972536337 -9.867493926156241 3.431321016442638 20873
94952 29529 2.590710985865069 -9.05212921838124 7.2352311116386865 6.4008159189780365 15025
45906 64321 -6.984610390182744 -8.83865999121655 -0.9007872055660435 5.767883775252518 71926
70741 55574 8.689345554800227 8.79330916396605 -3.7069180390517715 -6.766590292017927 40090
58644 22468 -1.4420433249916886 8.440750157197463 -4.2439282596626775 1.3501247047500087 17048
62303 44715 6.706595388374186 -4.672085790120677 -1.6946724904114383 0.23459322197065546 97312
81553 54559 -1.1474012519402486 -5.463686391350359 -8.87235752612051 -5.21157119755153 70994
50633 97612 7.009592168795567 5.609530428960332 9.631875485428345 9.317236815099115 77611
65756 85118 2.553473188533566 -9.70828004429696 4.028020112900272 2.310055230880705 9349
94040 5630 -7.562656158827046 0.5019203567798076 -3.8435885477719296 -1.9795727758092632 934
13837 9963 -5.8640350676011055 -1.3664739452667902 -1.8912275038173565 -7.86624409792471 58851
50041 72027 -0.9160921004436986 0.39146011014193505 -9.93843601299616 4.034176436995926 62967
45691 74329 6.816371277791195 -6.068314603026616 -8.992443193218993 7.20210828176042 48429
99319 46458 -4.230285186263623 -3.0058190687866526 -0.6973041060825853 -0.3964772577111635 23088
13784 99943 -3.4752066652209095 9.29116676053319 5.726036257247882 6.362678591723444 52453
99970 76133 -7.7452893578895265 -2.544312094890227 3.7536486529738085 8.5489741814172 47141
70719 2839 8.35477525878467 6.696395563778413 4.66530447652465 8.415288282414501 31132
42343 12962 1.2592624544820215 6.6417458915538425 0.5951916547602316 4.805657004332273 19304
2042 85559 -4.8710743791974975 -0.5626458007249511 4.895970558728726 -7.471166532695774 78112
60372 53452 4.5017610465457825 4.673947926377766 -4.887151203681395 -4.312626827890402 7051130
7964 25415 -8.366127483955372 1.2950474648914305 7.913541966511449 -3.2955096812443374 3765
2320 66741 -7.876112960190838 -8.549996834188358 7.217990557917567 -1.8726223535871167 96921
15724 43850 3.5486697027110132 -2.260780991493885 7.970068572265287 -7.091744161992417 67978
85343 38770 -1.2301014525013727 6.960747213047448 -7.555398990307214 9.591311769200793 57519
28611 76460 7.860126562458895 -3.2428866155565554 3.873028753953246 -0.3803358157636936 43747
78264 28626 1.9373230893921427 7.218900793833143 2.2017697849380706 5.432234210592817 94010
97971 68442 6.217650101261988 4.786580158635083 -1.7740914250808792 2.8535807497242622 8531
24585 25996 -8.56928149512403 7.881967402035897 -8.364767244596274 -3.2531282947037177 50370
16776 61050 -4.279687381574416 -8.479009409129299 8.63214979317512 -0.5195687750440658 62315
14833 87568 4.052930747193997 -3.7871299692818656 -7.000635590120798 -8.30908442383305 52906
92582 27108 -2.26411767933008 5.966686750508302 -1.6546403190645957 5.744481485748414 43716
287 74888 0.22005673678090965 -0.6760284651783977 -6.954575073927122 9.209671448019137 52403
90480 9846 -1.05216989788876 4.690797813427242 -5.387212097966114 1.7495695370465434 7460121
74725 49165 6.788075655131287 5.848019878372053 -7.647943473993952 2.0196684162507026 21344
22307 41435 0.4293598298434258 -1.9859054033653418 7.946763856618592 -7.858027460120283 74912
35434 77188 -1.0302037609819887 -6.855379721067695 8.155178325375985 -7.40169451748983 26451
99858 57797 -5.889062797257485 4.246370649584373 -4.433023778476417 8.308006319552852 47291
32821 83892 0.8769463133707678 -3.629011538359171 4.700459282635848 -3.1741309234125374 38050
20955 75193 5.423567090001722 -2.3474762888012872 2.1050438931614615 6.093953534343445 97168
31326 21341 -2.553811946740252 -7.239206261744753 4.482206320062135 7.3050959572268255 60903
90635 73666 1.540047071288754 -1.5375890934819694 -0.757343448482894 -5.881795099489606 74529
95875 50948 -5.306606850634791 -9.705405261849798 6.771273926805009 5.173033094847298 10025
37630 86619 -5.49332711905201 3.061951776714384 -7.603611984834764 -2.0653201813813897 53079
47807 49557 -8.061130575515357 0.06212361567205704 2.0436137457122356 -8.90647178403847 36654
60203 24381 -8.475123652466932 9.350761035229915 -4.270082537878679 -1.7591329379488556 9123
60433 55881 -8.490188081899667 0.9695695429538613 6.6186467127478785 1.6061651646867592 10975
76054 40443 9.221271801881777 -6.404173621557659 -4.821054689910023 0.40771046338831596 48968
48987 83395 -5.159655217589432 5.939477168492523 -8.068291892510413 -9.803345751289465 48351
35665 50405 3.7998828728523844 1.2298898880382723 6.782217714327107 -8.263181853778205 4071
19360 74408 -2.0242988271449924 5.108164756506335 -0.5680503215825983 7.438247906755972 73529
39915 12805 0.4356635032817362 8.3351091775118 2.8361239834573126 0.9560191460388889 40758
92295 80486 3.547114193265113 -6.781986300029983 4.962286656466112 -6.492729448171762 66804
16081 52657 8.272262729357422 -1.484957715759009 -3.5585584373720565 9.054252208612038 11997
76861 72326 -1.3519783785624497 -2.756476933215934 -7.6956085249816635 -2.953370364492751 70250
6201 32222 6.703617136866676 -9.519691669542638 1.638034912790138 3.3505770650354894 15223
95627 21097 8.333236720154257 -3.2595172505999725 -5.305719636833517 -9.67452846730951 28008
90301 58146 -3.5475289289709178 -9.415628644393896 3.4662217912622157 5.8457476977149785 92837
39524 62717 3.445943109253278 -7.52401528157375 -0.4328563535913972 -6.93307760579565 18720
1639 64401 -6.979265766142024 -6.5972267811125445 -1.3901660675706076 2.48275267925008 53609
60282 23529 -9.606333511676704 -5.313884211998161 6.263458714185742 2.477845664475895 68326
57859 47343 -5.8684400303281485 4.335447469160577 -9.165772042701164 -3.3820933593972358 42595
42517 91527 1.2482043006885668 3.5091106734022652 1.4786554559437342 8.949920596334096 84749
34207 8012 -2.761393904717922 -1.7084464713728824 -2.9030070224354843 -7.442620969507523 1750
13965 19386 2.2428923306777104 4.709278751133377 3.549388212171813 -3.3833632425200495 10363
41214 28344 -9.134298409338331 9.077631390852584 2.7026858386251167 3.1538939023340298 35585
28271 512 8.700120867880756 -7.448831877133673 6.289861150481251 7.225333140087262 36291
92505 51079 -3.930078194255982 -9.40012603374911 3.4716865773956656 5.950822422644714 28913
76557 62735 -5.6386802465149195 5.514969451810153 -3.920824335644875 -5.902231362793189 35982
89864 33033 -6.748475125690183 -6.903464210835861 -3.191286707436305 0.7894762402154356 26681
74824 6903 7.652291052818956 -9.97184751368703 -4.118071156520939 -1.8398652109373543 18990
60919 81694 -7.262440043300025 1.5419399359747707 -6.557102725630807 0.9921310043002585 49843
80446 86403 -6.600106146552158 -2.955786701225631 9.35771445982581 -9.648033547727344 71523
60734 83387 -0.34487768747387726 0.7277835939096082 -0.27429200394345443 -8.175679991958 53193
67840 42888 -4.859255523346231 9.512674718264119 5.548766055931376 -4.738996398770889 432
93389 29422 4.699464687008778 8.837792636659454 -6.833781284430653 5.146660864038303 84987
49251 27680 3.2795304812314825 -9.011089108583192 -4.707921940901894 9.788830800361335 57257
7921 11332 8.734302008705995 -1.889996398479374 -6.838380853238528 -8.315251670829003 36508
50527 36218 0.8820531565234919 3.894020243311898 1.9085134947351872 7.882216031208188 48419
88156 60101 -0.04484642178713294 5.785204151031145 -4.27221102759499 -4.40733119904372 55952
90098 66383 8.930624579650168 6.650395807333407 0.5935252743342101 4.88457438095492 51000
24737 6814 5.067452792786167 -8.917108440130654 -8.778802836970247 7.758967461549965 99270
48805 33728 8.1724437005442 -4.704548841288661 7.530089142679749 -5.643195394026714 84652
32803 90883 2.584189766475948 7.924460990552621 5.830894703528708 2.0746246695027537 59740
49635 13817 0.027082927221037778 9.716618547524064 8.478547817011219 -4.288151152961177 45825
23328 60199 -9.267540281424257 -2.8506714341365003 -7.517065944438414 -8.77264630338326 16049
34659 77083 -4.231755796967549 2.124172847587678 4.815272495834517 5.618778925612473 2288
16964 25461 -1.3360182705150176 6.0600480055629795 -6.877726175128267 -3.1689569657816268 32578
98421 63838 -3.0561047659144513 9.644155845451646 0.19837003593550762 -4.154286919776544 73878
96648 92716 3.502541892708342 0.917572776913552 8.76131175227022 5.38011742974799 81848
89570 63420 -7.0599886424653535 8.157295561438932 -6.969994687716401 8.65906021828878 51864
68516 89485 -7.686110984129071 -8.553855192385917 5.030308451921906 4.478063508915628 6099740
37409 83437 -9.296559425540254 -7.402634260507217 4.969652800415876 -6.689123944489806 19877
91143 92481 2.1241730281066324 0.508469780832943 8.44421790046805 -5.989317459985211 17644
25668 33297 -9.245441779093586 4.203119352511713 -0.5322910095114217 5.957060003962621 48074
79730 45812 3.159887490322756 7.853389920854056 1.4610740830058582 -8.850390736767581 88035
69407 72938 0.12122363040566952 3.2738621826234997 1.3712535888095694 4.11959186400362 56434
90604 1271 3.0286210715993267 -7.847313394784812 0.7652689128568504 -4.7316011133159 66632
40213 87029 8.61415790596861 -6.30723410049391 -1.4655005588796328 -2.3055498652564532 98038
90488 86092 5.071967929981017 4.610180120845426 -5.6716313126347995 9.638534636869014 64757
42658 33548 2.0311657225075805 -9.38574010454509 -4.833004160856708 4.741360063279592 2705
24476 30016 -9.314256178730929 4.037837113930918 5.482386858757861 3.665810985976986 42987
77794 3478 2.4115952467168604 1.4526652545290162 4.780002281231292 7.156465050806894 22721
3889 36989 0.09964797116428237 -6.453754528904714 -6.998484560927755 3.4999804992900287 99359
54374 88986 5.34155803086241 -8.402850331062208 4.356880338076895 1.3880478050223033 57424
40065 61158 7.277189651699697 -0.26016370393744204 1.7766653765348153 -1.3774859462809896 93418
26906 85411 -7.561366662396125 -9.154097667961258 4.773177686522397 -5.531552735836762 76482
79896 93434 -8.523747212200238 6.48812157647345 4.948724614210299 -3.210245137734688 5918
78398 73963 4.548814391644109 -2.8641922040875194 -3.8171066710636747 9.32220819507684 20262
20906 90385 2.2217703025922315 -0.4610486603857957 5.486105527255791 1.8843542342759623 82066
92262 19439 -5.950723902401476 9.184751512044542 -9.114663717483575 -8.06996003814749 88889
96613 87560 -0.139356403228037 -7.45013309065669 -5.549955887924614 -3.1662944409914378 5542
36292 99023 1.069860849962792 -6.960619563316772 -9.100349605827258 6.04712964059193 67750
38794 47354 -7.1075428523837525 7.466048940543107 2.876007244419135 -5.612159541992597 53402
4794 29452 6.857851296022968 8.364239013088138 -9.743780402997 -1.6633516875334138 34204
22063 20571 -6.344621183487553 -3.5606308139464264 4.085620518155839 -6.4168982164220605 98699
71768 75483 1.1864352133050318 -0.8304585062904852 -2.0727191601188206 -5.385779081823467 22805
85876 76605 -6.758159884921091 -5.9093435504519976 -2.5286640631090584 0.4209086821652406 2305
60378 43839 1.4968006053328686 -5.809827134095102 2.541278887500331 -1.8874440208243293 37068
74081 64654 -3.5051622731960252 -0.7300910920684416 -1.8737903373149436 -7.0302052212182815 20311
68944 55082 -3.087763210797874 -7.923001257017159 7.110305310425943 8.446346395032666 31118
77244 11571 -9.912809751744602 -5.446337263051715 -5.055136877096316 -6.007299230465055 88077
19691 51024 5.080265777321856 -9.492731282134804 -1.338110450237144 1.5318480909350978 30183
59186 56610 -8.184194320900154 -7.413395202468753 3.6649612522879167 9.205133767125051 2217
93426 72356 5.470068003216051 -2.2072011663940083 3.275418213069049 2.278305332139288 83827
63565 60990 4.126397044548266 5.109205116208242 -5.294112783631162 -5.145703970024893 14662
29604 74882 5.511388707303835 -5.192195040696996 0.04689878216130161 -9.104107887670242 83612
28857 24119 -3.0462496631602054 -4.3472161036496315 -0.36237954900638414 1.2559362185387908 42647
94723 65197 -4.624046321316264 9.029739339869977 -6.936851868427921 -0.6602315235925023 17831
2953 90663 8.562488924198934 9.467792350071484 9.076712829725835 -2.4418745257606727 9701369
93106 28417 -9.94870598075386 7.837402988515045 -0.4034207528611038 6.739114076507153 6057
65775 30044 -6.904932106897437 8.952662044313332 -3.8964079725987695 7.3137927891052215 83243
28569 46649 2.5272662927905927 -9.838285090297683 7.048816433975105 1.14646606353827 8926026
45515 12214 4.6680281341195915 0.2567918140512795 9.846763068006336 -5.655426380898769 6084335
10177 38534 -4.57552395201388 7.615433171904883 -8.91502910046601 -8.909004680456757 47372
88154 79328 8.151224442727528 4.726539627303723 -2.1608447814416305 0.9346303183441833 21814
41907 55111 -6.050266087434839 5.453702863719354 -7.202115581595468 9.372597716311382 44529
48641 92206 -1.5037849506889351 -0.05293893048797216 -1.5167475639609975 6.327730162647278 1886158
88703 77409 9.446277480910382 -3.8537152456197266 -7.041585660734826 0.18776374428357556 35235
6129 64875 -7.443681460715494 6.16771778139432 -6.099663280143657 1.3717037424216816 22045
19842 12466 3.752221101433598 -0.7042899016978623 9.104259215737866 8.515477122431246 24853
10262 46375 -0.15348538815733725 6.897213975209848 4.910946886885943 0.24400783972395423 21629
34223 25283 4.48209577715674 2.6509299790524476 -0.8482268983072672 -8.329776207307821 54163
63569 38915 -9.214439253417254 9.77198343954138 -0.9868950782829078 9.253880053329627 11372
18555 73020 -8.780793421240123 -6.749147085897535 -7.793630407912242 8.69312840488534 87430
49435 71360 8.622056312670868 8.300584029482433 -3.549166523368048 5.071755188465943 60948
61433 41693 9.84078556493866 7.953092215000936 -0.16000916128687415 4.227163371645688 15030
14660 32509 -4.823087924062408 -2.453793421895174 0.8275657295094163 -3.430124570222617 6099
3102 25508 1.5150387748683123 -3.598476510272926 -4.261299459787753 6.2317758335475695 87563
24806 97430 1.8535798254161158 -0.23824072594609902 -2.7553024530723853 2.968463239717746 17903
72594 41591 5.115324593706646 -9.703824586481197 6.10099895388435 -6.093355870944248 19455
40881 99511 4.1796968160103845 -5.862617810360131 -7.490181733354946 4.067851595289458 95006
67835 36447 5.910063135042217 6.576503844509833 1.9343436786695314 4.604367297550292 10539
92687 12432 -0.5142625820097741 -9.310185552550054 -6.205893345315053 -4.854999570368317 84206
33184 37237 7.788838893726137 -1.4291999397893207 4.993727726754351 -0.5007570567074211 84343
60950 70888 9.248782853217055 5.711192761047791 4.307450594045585 -9.37848914194377 7235
69348 85476 7.45408925545458 -8.122470947913998 9.339461392581875 -0.3509344895952111 19059
12112 66622 -0.019872720663247634 -6.183149445635234 2.5913179789525564 -9.56910725346902 43935
37952 77034 1.7490410054375705 6.975612668665164 9.11453929200399 -9.831086661069934 38236
33665 75189 -7.105050676185916 1.2413427771643466 -7.671652636040434 0.6638031817728134 45518
39832 56510 -9.901355426644749 6.4858910552979765 -1.9475463112295177 -6.423219332954875 49801
83742 61915 -8.905792428175602 8.485231915277577 3.8351584019143594 -6.224992821592603 97407
50710 36127 -9.732006895236294 0.08977286955042629 -4.784896510950718 -4.370688771910782 55770
92449 60674 4.288114386868596 -9.317680859044383 -9.344001618532602 6.944656064018169 86038
7390 3553 6.639567639139287 5.489406056072998 -5.158533556446496 -3.8988612897831025 37852
35794 90213 -9.544493306684345 2.029486167167695 -4.409899874308065 6.88790300812002 25139
6968 82730 0.23245969053615312 -2.159067481702799 -1.2787090114136213 -1.060284215697429 24407
45355 85076 -3.159005302894533 9.573006366672153 -5.760072233961003 1.7194329676544768 7434
90919 61374 -8.775533724699267 -7.176362016795093 1.781976658561291 5.058959918141493 4259
36073 34933 -4.928073931664292 -3.010120871587434 -2.853950249529804 5.458178663180377 78855
47691 60306 4.009078992575233 -6.268533156132252 -1.6025252452125969 5.401965334090059 73134
12511 57421 -6.029101083715231 7.022163568155463 -2.7949124755482284 4.931222560460391 60387
96290 335 -7.6847108026213835 7.432168632554802 4.939007832732312 8.09599670364107 73963
9469 8622 0.04122039996597593 -3.181714554055648 5.693089696988308 -8.220117203376285 28685
65293 60107 5.129387970558954 7.771397983247809 -8.729343164519896 -9.925906183389072 71737
59537 62644 0.18168497817890916 2.4213906563662153 3.9971338315755958 -8.399510279173017 16073
38110 27890 6.456472266551955 -9.81581899115925 -0.6134138103262856 3.6551450145015725 41298
64924 48974 -3.700147598765559 -8.002795694351398 -8.421644933945185 5.449794061685232 2073565
61997 90755 0.7841420033118958 -4.192753043563804 9.579144919404218 -2.1310011282080588 87577
70040 4123 -8.813203020730427 -4.190596033896066 -6.679117701810706 1.2146111098458192 63043
47002 35784 -0.6505627656488944 9.394284492106806 3.633598621594702 -0.569266456229002 781135
52847 86312 -2.8157837341216974 7.133341810361422 -1.7571684723728396 -7.551145733753454 75146
55517 74718 -3.8825326766808193 -1.4116036028504393 5.768461578604256 -8.761027226422502 90521
52718 89622 -5.322627353349967 6.39027274596582 -0.234599679863166 1.2874827929184018 10228
37201 98157 -9.679149298671401 -7.160905074029456 1.800193928092174 2.4877615242979587 64800
82926 85280 -8.427700828131435 -1.766814324577977 -1.8276781116419407 8.303161164516336 6797
58908 26958 4.537915693230428 -8.674705035759482 9.91305687632265 -3.536187830804023 1150
63366 25930 -6.439720269768252 3.702082353439497 -2.0630423696893256 2.0917334960882723 89953
69687 38690 1.8733743477615317 0.8369987178633238 -1.682554230694059 -7.1683065798321195 54450
65875 1463 2.7469216098770755 1.379656772433247 8.881443294669829 0.9728526657950383 15243
12720 96907 -6.674979893513713 2.714240855106871 2.5937771264603153 -3.5861498296215943 67553
33407 98643 -4.2543759389857545 2.196453560984253 -9.057657146253709 -8.8363842183973 96401
4597 80122 -1.1822883208452453 0.273988305130926 2.4007855137362792 -8.226961202112177 44035
4405 22537 0.8428706400028769 1.0297920065574413 -2.3338533338357 7.660937418176559 77592
81489 45894 7.102608095618322 2.3773379297429837 -0.17478390664378907 -0.46100536752582677 5647
86736 65177 6.301768027682652 -5.3689299686358005 6.20680085001775 -5.029124539623009 69207
82411 98373 9.65866391392916 3.611268841229533 -1.9559324977603083 -6.444750982837133 26449
85933 91028 7.637710531831104 8.504275023474015 -9.06200665105047 8.639455923732044 91288
53856 51148 -5.531467698937654 -2.9015163237084156 -2.2281354509489653 -6.066135542568649 43836
63853 94057 1.9947066797977815 -6.36820669470926 4.946455017369216 7.050946467423945 85481
24936 53504 -6.90697071142864 -7.1876758563047165 -1.4365138436793004 5.482474509079527 83836
5061 57359 4.558549885090553 6.433681979002451 6.313142029411985 -4.534618575327521 82620
64377 14474 9.393623568374807 4.729378531454945 -8.75700353303835 -0.022284028400701317 39400
66162 22534 3.950220534986265 -7.222469009838967 -3.2976640543709994 -5.739970884546317 66239
63257 1289 -0.8537136925595163 -3.1160431052813546 -0.4095946155391932 -2.747953121619493 46093
17041 94214 -3.388961473076888 -9.227404272391118 5.927232418630407 -2.471169188785156 43657
21976 68833 -6.3930477293186065 -3.541352942064555 8.113476260746257 3.4271833045116082 12544
81163 65136 -7.7283800234533135 7.028249643999487 -6.833430252100778 -2.0595191726232054 75733
65692 98115 0.5224331894168248 8.154402705063909 7.477043593579044 6.763472567493519 80934
77967 37868 3.551411420118896 -4.0048542357172305 8.807908873687637 2.475555089478812 64093
84286 88329 2.769091484633533 1.7180674579787514 -3.880627380300341 -8.378141382586485 29131
82500 6154 9.533055145270811 4.209862051704242 -7.474672644549023 -7.845036411324875 38425
48839 29561 8.994450305256645 -1.9132262499923876 -7.096878559638988 4.948920272327815 6793844
32718 6227 -3.2366204188121976 -7.888206286676713 -1.1829045346814677 5.60705525085895 59617
34761 79569 3.4293196571359275 5.550648235987186 4.317903200153543 7.334396586267431 45755
90192 85790 2.661203508985796 -2.7863615148482834 -8.132177743207627 -3.140333960417337 2859
15406 13579 -3.3073761504355854 4.426356688124681 -7.172909913792931 -6.588511654084437 903802
16122 61517 6.155096230127409 1.5008709716549617 -1.6409907613653871 5.875125757416008 52261
28217 89807 -7.3550535601294165 -7.567996239034804 2.6406077001238 -5.374709321322124 12678
60553 42318 -2.7220237291295994 9.589382822790839 7.84058982062421 -6.228274291067781 82471
98587 88426 1.9770983523442798 6.725086425502095 -7.680931543850866 -0.36615976128283023 11994
66617 86446 -2.145177198329029 -4.915782875963757 -7.685302795079507 9.285753990395811 9448
6875 51089 -6.37830117238936 2.161953973024726 2.5647676423042203 -3.569455331204809 20952
24925 71337 2.4734500171427456 -7.074309687826885 5.823340755929662 3.283363602384039 72345
73653 5278 -7.156065313461433 3.0931997232220905 3.3106514362221446 -7.849843289245291 63050
46873 67468 7.746892167797618 2.3131986877189608 -1.3524986690607363 8.393959500595912 61489
23531 23737 6.8642868461111775 9.965142680122135 0.8789590972401378 9.568675728660917 6091757
60913 73625 -4.634269182583656 -2.293850142192573 2.5412427518305574 5.373223062483316 66321
92680 81923 7.274285133751793 6.943730839475705 -5.988008796858764 1.056352312127963 60905
25593 25043 3.2572356772883673 -6.259145381131448 8.532491939048473 1.0786009468996323 96194
99597 91600 -3.646918055023514 4.962278190586735 -7.604365931462029 7.769480459715613 35663
48902 30915 -9.03405874052381 -6.785968195573739 4.2898736752533 7.655233748430582 30479
84509 69805 4.528040202879604 1.693413230318031 3.5321861796702176 -4.809905579648019 8524
20682 58875 -9.672896995170072 4.024798177910656 8.363709950608836 2.63032472663898 9293
34065 3532 3.858343419063255 -6.9911359464952145 -9.462777483351303 -6.15768185194387 65076
59437 7217 -9.108267575049409 3.034306760463057 -8.407010928521759 7.419761731902295 37031
72142 35262 6.128875183946263 -0.2760431768640572 5.386081782825485 -6.139814268589205 35360
61659 85477 6.7871941452940305 0.4087143889688356 3.6119752041097506 2.3700576882890427 38279
77165 40237 1.1573858067640064 -8.661076835790972 -7.420746783615286 9.697697260877309 68079
64967 68230 8.85900380167628 5.69542724868549 9.766988773497697 3.394236759202606 73696
94202 5527 -1.9637183593530807 -7.568392020851213 -0.10699265274304537 -1.209617895396356 22018
83990 76092 -7.326898284047085 -2.951494500398793 8.03237996134282 -5.068784588137502 57718
74004 62639 -5.252469865858631 7.372643427573994 4.815626869631917 -5.519560300405777 80175
11581 20297 -8.37051837412622 -5.317212442213064 -3.5705901691475006 -2.153709697669508 49748
95391 61294 -1.1280779187871595 5.067998097041373 9.061180701658238 -0.4370335567054333 88536
14499 68028 1.5816357239983798 9.975707323774817 -5.012644966024807 -9.75995883954962 7312
80755 30384 -9.401515268677581 -4.894329396529551 7.7581433789146494 5.9833851288273205 32427
10266 33954 5.959905824742309 -7.710484430161088 7.745030349758149 -6.286236231927582 55564
63875 84787 -1.6243568239609232 5.112052517699672 -4.252885235712003 -0.3966534971669944 73667
25279 32649 -5.483476218093575 -8.095861427689478 -3.0835848945965765 -5.0932580953056465 7317358
6339 90341 -3.908657338520678 8.325179048416082 -7.546826249820153 -1.818794417240932 94439
6904 73304 -9.08276002886126 7.906576946788245 6.739704193325309 3.2660188397187397 73031
65416 69921 -1.5182059767636247 -2.7823821621563294 -6.957539082963516 0.26945273785625545 91558
44477 81952 -7.3931133853811515 -2.9275647459252285 6.8512137644366575 4.015360137688264 61643
43834 15939 -3.5291406069804747 3.5831857082269725 5.46732338793352 1.5902553569335645 68317
94698 42531 -1.394534801291627 -4.519852862315908 -4.127811439504505 -5.557414719654014 55260
9617 7907 4.792772859857488 -9.31451347617262 -1.6804616990568615 7.31693326307812 21610
37076 5010 -4.34184770014747 4.887356055354001 -1.5413797925694475 -8.519935477726438 2201
29769 35280 0.880528310757132 -1.9645063696300866 8.743035286395443 6.850762333055613 47927
59124 37388 7.327666795368867 -5.217667146853846 -9.924984675191801 -2.607564534337352 87743
28845 35411 7.722053407182955 8.681902793342488 -8.91948906942903 0.28565175436992263 73810
825 79495 -6.939999623956011 -0.2334171665922984 6.489551050411201 1.8676048998107024 6391727
38201 75334 -0.23219550038013637 7.807783791791024 8.463735003570388 -5.217619048303986 25194
51501 89083 7.517093204738593 1.7310327545420474 -1.9206359219374587 1.6627990115522024 77377
71490 9307 -0.9582040285494173 9.912605647222026 3.8068882708467626 6.76074873999751 66007
4703 56936 2.9260536154568424 6.328176489062535 -8.029680853616203 8.256012785835974 96675
93306 2083 -5.303759942487789 -4.922340059976871 -5.363373957775474 -0.9227969797739668 77958
36564 55481 0.04945531927664959 4.898652735831476 -7.724693254565748 6.837285667068183 69401
72635 92870 5.479628276844828 -2.38432688225865 -3.696888255361335 -3.0256607532177977 65218
34632 60273 -8.863820350436718 6.23956737388734 -0.4779147759032121 -2.1905826725203115 29552
77087 41449 -7.52359163199287 9.313201676069973 -2.7687561569367976 -7.445479680353024 77077
80502 35202 0.7534810519763759 -9.121587264434464 2.8291796377502383 -1.1638085355462309 47715
44151 63043 -3.7841789503234446 2.74332172842076 5.814827689062332 1.3299777877640544 5804
70179 335 -8.715699749477949 -8.925513738717212 6.5125087127532915 -6.383440982727486 31292
64160 76021 -4.6280175307299 -3.9872913558812577 -3.874127929423514 -4.713099300538477 83427
63178 46518 -4.912614758368418 -5.838328304521259 -1.6597169252246964 -4.238868385059728 64646
41533 73298 -4.1756435275117205 -1.6718931342880605 -3.690330477430157 -4.0870013845201765 97842
15941 14136 5.467775124369364 -8.47087640979801 -5.631415552491125 9.26258629767262 38419
84381 10738 -5.8855107134009055 4.0254018775892995 0.4637203638538452 1.7710416448765702 3277930
3789 31130 -9.156385473678322 -9.546223221033268 6.400610774966356 1.7688025008714288 1102888
97039 45171 -6.6331219716807155 -0.7802230877376104 -2.4378128790481863 9.072538963333045 15383
92193 52769 0.7529835544165042 1.0612938579884243 2.332919470953067 -7.708657983098568 36295
35921 11232 -7.315312661821521 -2.854990535950779 -6.824664636229592 -5.086738154352497 26562
16529 54292 -4.7404092589998825 2.663839577233789 5.642557270746364 8.859628150002983 19920
39793 12904 3.979400566976846 5.095530359688052 -5.387975702645731 4.116798255336757 14925
63750 68607 1.7736515722491966 -5.971148100658253 -7.8871361746995206 6.397834086711526 13151
95593 22021 -9.038386301101653 2.3991926099658922 -4.858880361460436 -6.551396740310902 37858
3462 12134 -8.967311320257918 -9.745730276463444 -2.149510532730188 -3.490850141082074 8853
70472 56900 7.765290546333876 8.456947901702915 4.4465965852342855 -7.225085292954388 56746
61168 64706 4.293033375897055 -5.840552021487689 -0.09138528873977769 -6.912455663079755 547
29397 15373 1.0307395734720295 -0.3438643808153241 -7.048347224222271 -5.023016296952127 29326
16335 23130 -5.376403588807217 -7.815010663440216 8.52698809552783 -7.330490176086267 81107
60260 94106 -0.9796040352202908 8.262225047467982 -2.785284043920891 4.478943733243847 29815
91765 61789 6.620533768085192 -9.229470963999614 2.3046482488070392 1.133561633822346 5751
67480 18246 2.4582251555533414 6.168145960794625 -2.9095248860484872 -4.567809684532975 6027
32849 50526 -8.29072996584815 -1.6562937322671072 2.9540965006156323 6.735017970391141 28732
84644 95018 -2.9988873719318887 3.6764761561558874 8.746051673994863 -2.539511284307146 79109
37274 56092 -4.1254293967129785 1.1387840870380028 7.054493124078718 -9.41311826047592 22963
12261 62959 -4.417143568264166 -4.592918293433992 -5.300528483964242 9.219620257021887 46781
91498 38961 -5.756169059822048 1.044300952484555 -7.701797264147365 -0.6677999694916643 28129
3638 91132 -4.3091475172490945 -4.806403378277155 -2.6321142551992205 8.864408219917241 47744
91586 2821 5.523603241864032 -8.889891745419504 7.061084562553447 -6.801478497393754 45006
60952 67600 9.814343441251602 0.32224500763771147 8.542082412342026 -4.540343316353042 74041
3022 82739 -4.180799963957633 -8.794526265389283 -9.602739560743547 0.5441831575245981 47870
94348 54822 3.965219034493474 2.1210482127875316 -0.25756107271727835 8.475973207910265 67709
64422 35487 1.434905225570116 9.146356814447188 -4.318887648836212 -0.6128167352302345 46721
6638 80077 2.005536184341185 -7.899971525354104 -1.587143918386806 9.053214176350533 61771
22195 88546 7.929798650606486 6.4808492885454925 9.01762250829907 -1.9014978508094131 97366
96531 88052 7.039389527874416 -2.9734095518450694 2.781985253636133 -2.1549010564034194 85516
41635 49432 1.43145273501786 -5.369531453808198 7.844705387068796 4.4490579396553755 4332491
95227 82437 2.115511568067557 -3.9143317254506282 0.9845699830692993 -0.7813842783579101 60013
47646 26553 -9.792059784570835 7.688765940844707 -6.556108109560668 3.4609350325746426 71186
1422 66687 -4.603503166754024 7.284663676780454 -3.6954170263742654 0.01987446890148803 762337
62614 6974 -1.4912179952357896 3.543705052624688 -9.048874364392066 6.900135418761259 56027
62463 79433 -7.512803324277703 -8.200446944482376 -4.362676704513397 0.13553867780695406 12263
88731 79142 -4.26486633506904 0.031766964233867157 -5.91378937430747 5.414460533280341 66945
96366 37864 -5.91862513129886 3.9258806691670483 -2.397151246884053 -3.6571093011885853 19966
79395 41245 8.411616023950653 9.992346431284549 -8.834900750673162 9.968302397595185 76950
33749 77845 -0.6560437245899529 1.1965412936630067 6.428992202241453 9.657471806332047 11563
37065 89293 9.73189405948996 -0.7226883098926269 -9.499175706646987 6.915496837209346 68418
69231 88268 -5.888728273770727 6.322015490418302 1.0801102731867385 0.7447523698116463 5416
30702 3217 8.791295151106144 1.9077753365232013 -5.905149038599653 -3.5678884503922115 69492
90514 61280 8.383439428017041 6.869646766312986 -4.841288406042739 3.064605346944301 4957
21914 53626 -7.659986118434472 -8.79043299704042 -0.8523280620902813 6.370034181782415 17480
58924 58256 -1.3804553382009814 -2.1609311820844823 -3.0502752566172298 -6.562781562144173 4234
91630 28072 9.106115399102109 -7.316593409103012 -8.92366466920494 -7.114927244275844 70392
8990 38417 -4.081134938970498 0.6008724998241242 -6.2613709744773915 -8.154474654895482 19681
23286 61308 5.958668597885461 -3.1849277845921353 -9.097297058066234 -9.204605628095075 29635
98639 23688 -5.412148964221258 -1.9423338217682549 4.266258787532301 -6.11498745648539 79774
53645 32479 -3.2908776096213828 6.013947023273854 6.476569892097363 -8.813888090751673 56947
2352 83198 2.4737174309946948 7.277774222930972 -2.6886234689122146 9.901625907328729 11553
50544 74123 -5.001239795620784 -5.1608346470944895 -0.9538290295778413 -1.2243741706159206 51344
90026 40910 -4.706419316705737 -7.830348641493876 -1.7025056027494383 1.5672299288833518 71679
40754 10746 -2.7788263741177843 -2.1713354678823222 -6.809699096480973 1.7936162999994494 77722
34424 75760 5.363104069154739 -3.0004402966898187 -0.13501631949900172 -2.7904234804362726 50305
11445 43346 1.066156102246607 -5.963088158310407 0.22787507009453023 4.214044205859434 6837659
42474 84320 -9.98177438531027 -9.964630632853721 -7.320556166521226 9.079262464126344 75100
9214 8100 4.74279939468194 -0.4669845787005116 -6.621115046094069 -7.771767935685697 28987
45859 86466 5.039572105485517 8.153708903763363 -0.09616263816162807 8.999109261050446 84865
4794 98992 9.668629291672804 9.501378145319354 -4.80011181628117 2.0119540673864797 90283
49112 91302 -4.780480593510132 6.465722236620387 -0.5662342746671847 -4.980193294470441 1689
88124 45699 -2.6457731216060765 7.6144395977613115 -6.3313651989427715 4.510467852070777 64433
50916 16352 -0.2808355389712922 -9.237038365686416 -6.013432490337842 -3.892597341536055 80866
71904 70108 0.36432808718214815 9.566439850258778 4.263946829237623 -0.35121718781667965 32054
90287 3175 -4.904071468338735 -0.18388514207986262 2.4636541355564585 -0.126849335486801 84087
27042 67893 4.771060298861212 7.7443420517891965 -6.664488638622517 -9.670452207035625 45090
24154 91078 -3.0734038658660783 -2.586056057321235 0.47891499701576024 -5.757844413470943 82175
84144 50244 0.7753730917473156 3.1011053415920244 -0.8627391468945529 2.170240818103233 73837
5510 1314 -2.0501121412783014 7.975372532849573 -1.263896043178537 3.558981741033442 35407
63470 71696 -2.924336006395176 -2.4010396282188573 7.945221302474028 1.0733609871432996 89849
76554 94402 9.762503754969007 -1.088875923659245 -9.342983480233498 -2.645143936935921 42087
28689 39425 -9.339439550040865 -1.3914969128362813 7.731930803069368 -4.809050202619143 10563
58263 88869 -6.7393349679984516 6.4897649374439155 -1.8615566647292923 -0.28481348217497526 26957
29968 30125 4.861318651832878 -4.340338301732913 0.26566358668713974 -8.04168033888316 43716
37222 96023 -8.94655096510494 -9.177128513409606 4.530165379563744 -6.038346637595488 56018
48623 70801 -7.396783896119452 -3.4961651841779524 5.337242098528261 -3.2716204030662617 96896
15946 43333 -1.4700122795851094 2.641565956257468 -4.839159842046927 -6.316582579671057 97442
65383 70679 -0.5146958346889008 -5.989050881081155 -6.096990106759533 9.334693827252575 63957
68829 49661 0.22401635177357448 0.06519156456336894 1.3029696388573768 -0.21212106756621907 59523
62161 63850 -7.766224028980833 1.72978912982148 5.900188942749891 -7.477356215803949 78916
48299 14112 -9.951168284203668 9.388804094944327 1.3697133985450733 -6.085831882454327 45690
43142 58678 0.2634816939402267 -5.929339619828786 -3.615010908128311 0.853977733467417 15517
21305 78174 1.2696759225062682 7.858790783925421 8.102727130086631 -8.71802717849179 97572
19327 59695 9.371982191768844 5.169223660341213 0.6269703883402187 -5.678112637135078 203943
41028 98019 -8.765141413335877 1.1112372873153795 -7.526135521540631 -7.857051553585164 94280
99539 32993 -1.0454386049487674 9.914326134140019 -5.843549617955568 -7.5062297831959945 89045
17211 96049 1.816625500371762 2.6970062135074553 -3.1796250535097244 1.5696374620879716 53786
99690 62715 -7.215292921491332 5.678130600345257 7.501002721147604 1.881433391306464 26863
40850 13769 -2.4597968930491394 0.8768134494428885 -7.381391070493628 -9.913518266182422 37698
91069 47861 0.03634935976632292 -0.22425807968056866 1.4796074157155896 6.133086073114342 948
10405 75620 -2.927108983767919 -4.33700231383135 7.192650705624388 -1.870954418208072 60345
58636 23395 9.355601693035368 6.570428517794198 4.788171090437636 -6.742207058655342 39555
23499 13193 -3.1249897613260096 6.798292345939483 -3.354842318071989 5.609629315415123 96462
92314 59247 -0.1405537730964248 5.295576687007692 4.617329864835238 -9.234481512370694 1772944
33407 53852 -7.056174418775008 8.724905994498688 4.695960174766778 -9.499996054638881 9595
87465 3432 1.6634697005640202 6.657221123775482 8.541956600924316 -1.9462939491236408 67778
27826 71987 9.549347456661714 6.021687575801451 9.577536501034821 8.515600058134126 63693
11995 38871 -9.336283962766531 -5.745330652482162 -0.1354223193896491 9.728408652053066 79322
15717 84974 4.372272675141453 -4.280729736056681 3.09926746119287 -9.219763396911995 19510
64894 5481 -0.9299164309987411 7.492586794901477 -2.452904904223068 -9.228623722343826 21834
22789 28980 -1.6548660381496312 4.964423380564465 1.1631873724799782 -3.275199571857394 38362
19707 32079 -6.728596931550641 6.20323055241786 0.24478832758765634 -4.394118750844629 90370
6109 43010 -8.410513368781887 -0.4853276284021124 -9.373063028134352 1.1146537292027858 40027
50329 89488 2.428824571375552 3.6032700211121487 2.386913162766728 6.076390146484073 7885
45453 40960 -1.8984359267519029 9.183385221998993 4.15508740211445 -6.268531694769093 65331
5701 37806 9.954902607311983 7.9724597066508025 5.6585084913253425 1.478195065519623 49345
61682 80569 6.065821044949061 -6.5292013689871435 -7.927276456005905 5.833810516728242 76895
64001 3665 3.336123328962092 7.245787404537879 -7.697378401095262 -7.94009221358648 92963
35560 3665 6.052035065659567 9.163123123664295 -2.825288067508282 5.0115697082217885 13014
53385 63057 8.713072369247598 -0.19447423111526518 4.069094113810918 -5.336016761868869 17865
67529 81622 1.8123944252967998 0.8417860865171267 -1.838943886638166 -6.38755850416318 31271
90703 59044 7.510368444184124 8.501110286313686 -2.2222271833916203 6.994040938952665 39083
13735 58353 -5.808510526261202 4.185487024342745 9.917796634387841 -3.2147486672640486 77146
80526 46844 9.403996162967758 0.38372502440810585 6.909729908744396 5.537010179433711 95288
83701 33931 6.900136882004986 9.731636995985948 -0.2778009492632769 9.993592608931355 64311
54271 46038 -5.207400406078506 8.705243935426243 -0.8757639576656455 7.696698618123943 18414
45377 36599 -1.5011426157500765 -5.800188327171439 -5.214340293062136 -1.7685326046301455 77050
12476 14154 -9.433017232849219 9.298655787023339 -5.689427406466283 -6.466115503302266 8144
73627 1355 -6.340502498399337 3.254974576464738 -1.1923411755548798 -1.8611119755619754 95076
4587 97787 6.219870820532179 -7.609771046698008 -3.1033819098854565 5.227974973048745 54490
75205 58988 -5.743082787866345 7.381128670497507 7.740708793690686 -4.031818987904964 14154
14024 85825 -6.716085764673386 6.184202479644124 4.922112545425319 5.23430369063254 52762
88173 72222 -4.657822406847378 -7.009230183615731 7.599106666689767 4.0602520333935 71545
10031 31083 5.142769031290893 -7.6268093718172985 -0.30091331302115165 -6.195904313578604 93219
97755 10897 -1.4513111464631923 -9.916231517186587 -6.32192468038272 3.8291067577976907 91725
44563 76489 -6.397760304290987 9.727223009915285 -9.514604671276384 3.9450695846013986 69567
56572 12759 -4.308464232733337 0.39080673462617455 -5.251273602077104 -4.363848481831887 32785
32565 36240 -1.202181003804835 -6.238769045190081 4.7308944245165065 7.178642436810968 54041
54702 92440 1.746969207438232 -7.577839284103758 1.9062778025135927 2.1446625435366187 90188
23631 18109 1.3669459709423357 4.034335283272192 -3.7321470919843964 6.930714558038996 6999
35539 98538 -9.089112667122253 1.6003595100590928 -9.027549680326661 -2.2989070430472474 24594
70966 73193 0.04801444344723471 -6.095072026472861 -1.0425676407831084 9.745178930898955 63308
93409 47847 2.1422072279506317 7.6457018204101 5.354239380093979 0.7270617093638769 17928
93408 81567 -0.3298294348032176 -2.6984752598029793 3.267124483030724 8.784705041112105 3870484
85283 67749 4.639257437221918 9.023593345380135 5.796682740284778 2.894046095262105 44141
57162 57990 -2.4756086067969 -2.9146915412011953 4.841319388317348 5.0041440074633865 19228
96818 16533 -4.823660223931809 -5.740091198284234 2.823265740567951 1.5284848473277872 32490
60632 58864 6.448499933123667 -1.2372784247526436 -5.616434028283923 -4.93289978679456 90379
5812 33941 9.44871962314922 -8.158662501645995 0.8323162026351323 6.382256774848688 38914
58875 90159 -8.16284811696984 7.945423367708248 0.9928677684375451 -3.1000513231231475 48172
80786 85984 0.7528872439641567 -6.98807924395231 -7.779111297528769 8.685353215551768 77513
33798 81083 7.869277822966762 2.0981563935995524 4.77722837780118 7.041049083617885 12721
88763 27535 -1.9360021571841486 3.530306829070099 -9.949426416810843 5.448163518693672 83920
37373 42343 0.2762100837963395 -6.8275936160496675 -7.334954331937382 -6.955980143641511 7736067
90148 40377 1.7657469608710237 3.8275381370975037 -1.034915631716375 2.2894036443906973 19293
73764 77116 -2.991005490917537 5.234624992798906 3.8337124101121223 -8.134039502876242 21822
60322 93051 5.042726091752668 -4.685183011384185 7.622665887386319 5.769479620380096 86588
31750 15388 3.1302027041234464 -2.8969882376462337 1.9376331725137153 -3.532452750865682 48256
29333 67945 4.023959121026181 -6.012887675960501 9.24403863882667 -4.760878650697988 17519
60799 98408 5.717087280776255 9.586615377834697 2.8691502018014887 -0.8949756079184858 51531
59198 86789 -7.681779625077613 1.7153355033749467 -8.535675324066185 6.089767456754714 68545
77180 33081 3.212233315322637 -2.756682437248166 -2.952071684191795 3.297136046185848 19113
52164 49384 9.837869891450886 1.1564918882376602 5.12660241562109 2.797794997817835 58331
94745 43370 -9.369950406117054 -7.013357430888101 0.2437723876204423 -4.340328818643886 80637
81339 46563 -8.256189114859687 -7.442742097028249 5.218168359672399 -1.066477219061161 44838
4571 9501 3.2209054937251516 3.6784010562398883 -4.7538661281894035 -6.2525505417964915 57157
80809 37179 0.7600176792529041 -8.251907465490394 2.0753768266015946 2.3981814804579002 57318
59622 89357 3.0361799707696395 -3.482151793923414 -8.106740310892569 -5.000415702861883 30820
64664 44942 7.125594763280024 9.211009085836189 5.704336701289074 -8.188623937889247 9782
9249 52869 2.825392740017369 4.374462624077422 -3.550599678070303 -3.275514263725019 66507
39759 92436 7.451961330132889 -4.6137473953061425 -3.336836071640259 -2.078737318964741 65223
31960 56772 -7.747444882580902 4.735414994571414 -3.3499173167709406 -7.515826843132594 24395
56624 42952 3.9521913624803098 2.481588351018564 -6.228871256213402 3.115781216776723 93751
93177 66560 9.482461136271013 8.685092124829119 2.724658645249738 7.382522640021914 53497
86970 53041 -3.0960428314621495 2.2119661133085735 0.9490403348319632 -3.238456159083542 37164
72228 68546 -1.9615670388359252 2.9531454510599904 -4.919518330183134 1.202953831123656 54172
47301 52110 -5.855528834739339 -8.139292529377213 6.510420223468692 -3.5563035994948544 44444
51703 90134 -3.0174558871439805 9.964840147492094 -9.314099352727794 -4.009715776862224 68110
72828 923 -4.863584480376161 -7.285227601637548 -4.268641778270297 3.6686057877319005 67217
12030 42809 -2.134768143778361 -6.848985627560131 6.2125875739155845 4.166842139491376 17162
79652 96879 -4.703799908033464 -7.213181206250887 4.449516986447328 -1.6414720776304907 71946
62924 80196 -8.276226223746836 -1.7022288382066382 5.811015779559694 5.04603209805661 30781
97002 25416 -6.703469740782042 1.6316562340132172 5.590417026585445 -6.492967064922546 8939
51555 86899 -3.342449135474064 5.287625047717327 -3.438109926829041 1.8303841638953067 96648
96426 31663 -1.4417098697230823 0.5723960186083481 2.588453483941546 2.3179277802719174 6215392
15175 73654 -2.6741929241252667 -8.687104360272492 -9.741649876227008 -3.6725470944410787 46550
42352 9375 -2.558634827629122 0.44778795868706744 -3.9841458342252327 7.035785916398559 47026
39347 62261 -9.074006889033976 -1.1778305469703536 9.625400213002916 -4.59663270136724 43224
51868 21224 9.056325305061065 8.05886213299705 9.537862351065314 -7.888719720473006 2172
13367 87703 -0.16854012059090273 -2.2883303707088025 0.5220943739593089 7.30445701138639 70735
6383 84091 -3.101137824844238 -8.596144626320905 7.89125678747202 -5.9761739532921165 32370
52540 53422 -2.4622488560110263 -6.887523939758293 -1.0131138363625212 -3.4374451336777074 27861
69035 53730 7.781656371547843 -4.8498756664528315 2.931313206207262 -8.618006466885666 54519
53486 33791 8.263723120337914 0.7045905621433732 -0.7950922193975671 0.2905836443850518 26847
14989 51858 -9.908433684256812 1.9911710669755358 8.029348858175677 5.115036149649022 98898
65496 22490 1.5110651691317472 -2.549835632103048 -7.413410220959005 8.339681368502681 86331
73806 52902 -1.7146858083380856 -8.356627419683551 -6.086180137819204 -0.6630612058807639 927331
54722 40174 0.6747962738119213 0.3011973263005441 0.5970007196466565 -5.9597570356050245 94524
22569 46295 2.82656394611484 -1.489355977229021 4.838664401411737 -5.8691028487668735 59851
4273 17250 -8.095461486975939 8.156911635281986 -8.16000657088477 -8.099965911567686 58949
22050 98458 9.565660442661546 -0.7477534777610622 -5.623380892422523 7.3481435851296055 89097
91499 19987 -4.746960528257349 4.7068661016586315 -2.0587667946600625 2.831598862476959 5093631
52725 94599 5.172237253050406 -4.990312186004822 9.030524513992862 8.140614009519439 19277
50768 53780 -5.04256839621079 -2.379473673165025 -6.824997750828716 9.975663594981622 8102159
83985 22706 4.949402282945348 -2.0696037890841312 4.18256449862797 -7.257977387841679 71152
82921 88988 6.306485461907286 7.3673427536846425 -2.3568142544988335 3.927148056473456 97390
712 7162 -5.113996348276004 -1.2414229351253887 -0.30514114288642524 -4.434549457024108 68644
16358 78118 9.09277579963755 6.124880606256962 5.994060423423937 -3.68182230461583 67615
12140 20601 -9.214806563602265 -3.455087539816601 3.6990704527882308 -4.475646889904068 90312
14185 83025 4.948159702874884 -6.713884317361183 -8.902395682106196 -1.5292325251952743 12624
19802 54971 3.598651858461473 8.948407613955172 1.8186656385661433 8.441759765790568 21801
49960 92341 -4.282578992780932 -9.369905101891149 0.3298379927372981 -0.7862866182398243 59588
82357 78645 4.78274567722681 -9.863071186346303 -3.6855337427503336 6.910673663501022 11740
3397 60825 -4.401102200200857 1.13966759077692 4.812859881095006 -1.7166167588146823 520
24562 47858 -0.35410609694312 -9.396086219080942 1.178556424600556 3.439091698442393 45152
81298 64461 4.755170573268789 -6.452196558200547 7.384899758094331 -9.179897628946247 62693
82976 68789 4.861398182416162 7.746938930019724 8.205369723645589 5.904998249122533 84101
1779 93858 9.146786688638016 8.09615229431466 -1.0755178940369738 8.377046226584707 58334
73328 66263 8.513757839357744 -1.568787134064749 3.347415185920539 -3.4931542955042367 67690
10437 9012 4.1454801783279205 9.142937811015603 -6.8543941866471965 2.1956110811307 88299
50829 68510 -2.9644317218755027 -5.994525222142895 4.407910239276607 -2.3398540569819026 19882
44773 65884 7.479915252686219 -8.003777322123733 8.505717114136736 9.8396605778909 15891
71997 84985 -2.650610199355241 -1.4834260601767717 0.6294790938289871 6.565765801220799 88826
33716 18092 3.180766744095653 -8.441676770930059 3.2711456228265074 -9.44900144123164 867
31664 85905 3.719508018108188 -6.203918912372046 3.9416378604675195 -9.847073365734511 22370
66725 71387 9.658305238105854 6.9055086498188984 4.7721165346788545 8.054647207806102 73376
80209 70803 5.795386612795223 -8.632067719128171 -5.683255102309383 9.43708438591317 66865
86548 47551 -8.714266499647296 5.143316157495686 -9.535947082390495 0.9611136911555889 61861
53421 52411 9.351191597821483 -9.863248954145421 -7.148875404322768 -6.712106429381102 51105
88906 86342 -6.1132679460380634 -7.207335402697213 -9.85844698457498 2.3174946602940416 37125
62072 25575 -3.641558560611853 -5.1976164443196655 -8.00906866445362 -2.1130263743997757 77190
70501 80833 -0.6642288153921463 -3.6996844124413064 -3.9807466103660483 7.3669407623190395 43891
70773 25357 -1.0873757549120775 0.2063386009484347 -5.408812228149307 -9.611587219364521 9851
44874 1833 1.0894167118485694 -9.780126640958716 -4.6141437392347795 8.877859788719888 7328
52481 18206 -6.533729330242403 5.486429572382827 1.9866090464219859 1.9688933647665188 79403
87052 58107 -4.870132217848175 -4.666764029020747 2.2509006320661307 1.291793224643122 78013
96885 76330 -1.6358597403677244 -2.799881835744027 0.07714365389565536 5.284804369345263 58333
22529 14950 -5.117630532337312 -7.8165868498538815 -8.507559390023033 -9.951897263506716 78619
62310 4662 1.6937615268343755 -6.965082688079642 8.647772342299717 -7.398503389984952 4016
26407 33232 0.26131837801304947 6.530890846069738 -7.0183974144439905 -6.87721414009599 62248
67682 379 7.659550915397542 7.1167411120911375 -2.1988402076540225 9.553591064204916 12781
60748 88337 -0.8732675829821375 3.6297698444149873 1.5221317140956891 0.6246299154711128 8938
42319 85035 9.082936725687397 5.909008424490166 -8.794212060382147 9.485958578578632 73955
75637 3710 -4.828918074061733 1.8181439051752069 -8.231919518407524 2.9268136983478854 88912
41004 38534 -4.367606084753608 -2.4166293482402645 -1.9741862582178893 2.978567471292507 70061
21217 47355 6.397982792894496 4.688761873807962 -3.8910171167122805 -9.565423107046456 34619
16818 92635 -5.692305927711856 7.775640568405244 -0.7162915944129367 -0.4610103224549178 74190
39494 71928 5.736385366283379 5.050338216522164 3.0613512330886756 -0.0953387240891388 62133
32993 26349 -3.6541958377110024 3.9154528166232634 3.60015930190216 8.407801426912801 73553
21346 81938 2.7368555584046703 5.395929320591993 -5.223624822555141 -5.6574520377543935 94235
86043 94928 -2.9557640933952234 -8.120550356013315 4.168198295882261 -0.6767706449903343 9954
60138 74151 -4.922166321983572 7.328734003937608 8.474166491067294 -4.017829652012816 21490
16177 33171 -6.186622677263951 -4.620389669162154 9.792125107425626 2.569499134242397 31150
76995 20556 -9.653392925078986 6.032116519382324 -5.043358546385457 3.724073532556339 67148
54406 24117 3.2481249956928178 -6.531769424658331 -4.462866864747603 -3.190940172057841 65182
87595 80870 1.7445057059207052 -9.235393007444845 7.042002321679977 9.075260540333879 89789
24076 35498 -5.394493737045815 -2.789911258109681 2.8559776246751625 4.160301554187967 52493
2973 94207 -0.2971420930105513 -7.565193203449656 3.399954488044033 3.4837731488901706 96402
15586 85050 0.7294288502338926 -3.3104951638275963 2.715845009012588 0.19022424433678076 32708
45331 68846 3.8066613356534784 -2.7811885509511347 1.8453410919017514 3.6311082066193414 15467
90071 36829 6.90449496187955 -3.7645979393908906 -5.888765693215903 -5.6572014660719905 9759
88861 57783 -6.572545860685075 -9.02986050098454 0.411499183469175 -8.945379861561577 93879
85931 1081 1.9666796470598271 1.5591305767427421 -7.037865241795176 5.364337341516061 78056
92940 54094 -1.187407076579019 -4.8621816326302625 2.3935847765045626 -0.745986980362563 179
34599 12443 -4.2195474527285 0.22536006693579225 6.701751601418902 -9.321278952100576 82733
66827 72928 -5.441056453900568 4.3523850160196815 -0.21145192267986346 -1.2775656627036032 54334
47281 23927 8.776731425538753 1.815268102289565 8.240279916934828 1.1097951868567968 17448
10774 62001 -3.364374715298575 4.211429272717744 4.20291554101672 -8.391971765640792 30052
85795 32683 7.179284857348925 -7.7330003729266705 -3.4612564903794425 0.43680326839428396 83978
33752 57399 5.590280943579764 9.3864953823525 -7.8073023214725605 -8.860217708448507 14959
51202 79948 -8.640851390674758 -7.424395625677782 0.7457427324402595 9.477485279573564 96489
67253 28894 -6.74936409708383 -3.3425092967384717 -0.31704036795327184 4.6407263045074 40386
48115 6521 7.5655610447490105 3.144069222411405 2.755648613924734 0.7812066598100813 84147
88193 19758 7.592425733170394 -6.526000871908389 0.35119436638633594 -0.7904364510138038 57535
54466 94595 2.243969754377966 8.237525380039408 8.504731815890604 -4.128741340900046 90886
90866 29038 4.833515000643725 1.8000293770458136 -5.0922842227363745 8.3185415206015 83771
70395 29841 0.31896955730224263 3.033391349295993 -1.4732900045249018 1.8256946710850812 37152
2695 8205 2.4699176818300934 7.7804448734600555 -3.6347185689345274 -8.27143482518748 30226
88361 26281 -9.042344469619339 -0.6442852773396002 -1.3623793500667674 -4.837935819801064 12637
95495 51663 -7.834380009123379 -4.353664128488573 -1.4738900511860997 -5.484981906535753 1392486
32544 12438 6.495634452217139 9.515891462680386 -4.100649869823048 4.501580220762058 89222
86907 87064 -1.767002573179914 1.0094750626836273 8.963432355686297 -5.387253332619721 26306
53239 62697 0.04182482371409435 5.213182176373019 9.031762395304359 -1.3714820527641116 37763
70207 34792 1.20437894627951 2.89768689848289 -8.506348043167392 6.299682932981327 14228
53634 46370 -7.162688438457945 9.78135580219211 7.2946801716006 -8.003919984745554 11596
52574 96331 8.362922214521543 -5.233040317259179 2.8171029781679717 4.125358214298609 10216
76265 70389 -2.7872515293251032 4.07271085378161 -0.9446453184081776 -4.029350553549767 46511
95500 48840 9.973572859529366 -9.49693417972097 1.7544031039569479 -5.841939849227636 16061
79043 65183 4.76598488875563 -0.5324542359289381 8.422378320879162 3.22134661504019 56927
10688 6711 8.509332446078545 1.502523502204502 -0.39901435024374265 -6.5811095371277695 41479
97859 3853 -9.205278157267518 1.9269615299605256 4.878233248812467 9.498048114223366 59819
54996 31492 7.749005733882072 -0.5486876863643548 -2.401544778297609 5.965691053140624 11837
40141 76547 6.591157870075939 8.702889794487465 9.884756741129817 -5.643987854142132 2390686
32485 65000 1.524471278799366 -1.0689036321310486 1.912464158681697 7.195051223170196 95828
5923 59030 5.391869081357672 -4.513917812099944 -0.31444462037748977 -0.0640130590027681 47291
28916 92086 -8.403838443002531 0.6071214804465264 -3.415954047090044 2.9884066563423097 85542
51195 93879 0.962693746670066 -2.2932017779464626 6.111107270680289 4.352122793723122 59527
70571 73207 8.278709060045738 -5.385131500250302 0.3434553340183051 -6.69760741161652 9148
6597 34565 -1.969837657194656 9.101455885865555 0.5729058206746114 -2.3330008474285275 39
9113 96685 -7.3659096393108054 -6.650098753079529 -2.384257955065598 9.533223619628657 56753
17104 23390 9.57724098486096 -0.9654151036453094 -1.7530350795165912 -3.145267396331488 42466
33664 52045 -7.640403605702253 4.8369435720393525 -6.5245415520674825 4.571688972697698 171
63872 97721 -7.382087395450068 -4.678096736318471 -5.685751846627259 8.729472713918387 48733
35292 23067 4.471123389505253 -0.06956884861997814 1.6737060174288025 -2.5907501082634132 82712
50117 13148 4.587892229394583 -0.13891933963248704 4.757006927279569 -3.913497168550424 89809
3768 88493 8.74891756620385 0.07965097446669667 -8.975525454586501 -2.2278600887107602 8430368
19275 59177 6.866118741760296 8.925471991344406 9.29936770286405 3.8565964747076222 19217
33787 11530 -9.342281730826883 0.9598495253853123 -3.576405080948777 -9.438355560251065 8121
64547 37280 -0.4840909243328717 1.1454528647719382 7.589824005084267 -1.7843658486893244 11155
23219 87217 6.230876767549329 0.9227419365972871 9.544113504351259 1.3601722094377973 6711
91891 68517 1.9919282559169318 -5.1195724382844965 0.8621785734128729 1.5769632176332458 64614
64867 68443 -0.8001739120808455 -2.396141009876473 -5.1301839935482825 -2.0175799574636555 53717
90367 64723 9.814507261784808 3.309968582386185 -2.270286349563973 -1.4079237596815446 93615
61835 43606 -9.545240244080212 8.296682386184024 -3.659762081199993 9.224235809164494 14547
863 49523 6.894461631442105 -7.548301642996695 -7.861659686410729 -1.2667412820648938 1301106
69091 81181 4.766438637981308 7.110379909053194 5.295868972582731 9.075903600765919 47648
87209 17251 -9.494541525049549 -3.8373433206301204 -9.920987456862019 1.7798936815414734 6421
26700 60323 -2.3778640549309316 -8.028018591253272 0.04022188031787444 -6.548482359103316 14932
90287 25484 -9.80842156190379 3.497237409843013 -8.385281481750779 -3.224613171717639 23811
33035 67868 7.538403584171654 9.391087248095022 7.143383209934175 -7.8885958605991675 64760
97074 21843 -3.8543551215177407 1.8429891595637002 2.3523262674938454 8.212264181101364 68443
8488 96244 -1.2606716436915448 5.1887163434726595 -5.781350560292468 -3.2430581975488 36800
98028 11466 -5.967146042240172 -6.2283196024988925 5.975628483450937 0.644081751646528 39329
13691 87779 3.020579133646903 -5.81637110704693 -6.0669828813072835 -1.1691285607649 63355
76562 53722 2.0640459052702056 2.8685147189718467 6.378626537488305 -0.04431113090531902 99751
82050 52931 -9.109042494942559 -7.938381888892454 -8.821670505619473 -7.823141450104627 12961
79112 48969 -2.7060535895095894 4.038579645086886 7.715958807724057 3.6722994395319137 49691
7297 37878 8.990341459656918 8.514369912056814 8.160491074362547 8.823058839788448 56620
42431 7048 5.771280191616297 9.069291249165659 5.229590181241267 4.64626725186077 29514
68219 28782 -7.583485349358727 -8.576643466581908 -8.320542207077127 9.425653972904819 67678
59306 31900 -7.965194958258226 -5.530553256387378 2.550951243720938 -1.18017061423798 35657
30168 66288 2.688388636780415 5.4775080224103885 7.517845252931835 9.346158728966223 86464
81508 96488 -8.59172571871884 4.291972757027329 -6.395536384273795 -2.2198312516533587 35642
40648 16174 -3.4251696027273386 6.833432442354926 8.8210231633573 -3.6037989332599585 91573
92242 59594 0.0699513404412695 5.9939603466220355 -4.12159785217868 -6.001016925929017 86326
6247 99973 5.041864418628414 8.366049049873329 6.520150143724887 6.363269296628129 24315
33748 6908 -7.257177888655577 -6.890567973610291 -4.906928129334737 0.5115888148741767 13203
64147 52930 6.151375353772075 1.2841401594852506 8.698933502973656 3.7972016512021654 91523
33889 3206 8.664535733632029 7.142004900172477 -4.738563990261322 -1.6325620298949097 45763
