1000 100000 100000
100 100 0.3632800039883597 0.31949131403748676 0.9279519238380335 0.6939034751386247 500000
44534 1431 0.45609084048918846 0.7837143196738205 0.4755816118399703 0.38849691956797594 79515
33448 11559 0.9881581223748914 0.5632166461744502 0.9505833807960584 0.21085410882350586 7167
19426 96699 0.2529269735971805 0.9758934452919286 0.8575478554024702 0.5148531772429472 91937
19108 71309 0.6815205964117347 0.6178924620192572 0.7902512120829083 0.9404976930321156 4248
87177 87451 0.432759885437919 0.3367413381636999 0.9342823338134351 0.24436213952708186 63372
16664 68066 0.6943041706771824 0.7359072997374557 0.3635289509387568 0.9909770865851679 5009
32406 9853 0.22088483264138803 0.8781014000621983 0.22473759990478115 0.015496363829691218 62540
74146 42510 0.8420080491174837 0.6427292934464438 0.3707414966318735 0.0021261381711965566 64588
33505 24918 0.2989667760255712 0.8189292201980173 0.21565609956893883 0.3889754659380529 90128
45394 85000 0.780789586604347 0.14751087193194556 0.2875366214434586 0.17619478043465653 62495
19445 45916 0.18874295131380026 0.3137684480484947 0.3597035596829453 0.12427068752135029 45487
86568 395 0.020625093311127496 0.29521775874369216 0.8344145396733873 0.3229760272584832 19324
81933 21085 0.9596382564404904 0.12993404511815576 0.3419257094069639 0.010118316840487696 23550
18907 62598 0.24600615991848673 0.810284365303494 0.27717462153092665 0.12413649810944183 71176
94187 63641 0.39520269771654115 0.404016258368161 0.9550081929253776 0.1053000274146958 30860
6462 51836 0.8902075634080646 0.21706335858853598 0.32860259314240114 0.6246629797725742 57956
43963 60566 0.5328016644793891 0.9157404475259412 0.6183457293501384 0.4080772131242103 30163
42677 30429 0.9936071441557172 0.3393825547396647 0.6807402716593738 0.5174992150072686 33760
82885 57943 0.9638180662255773 0.8740522754661553 0.5607488362989337 0.9094585808461175 83905
8410 80658 0.3223402584984191 0.8160929594968032 0.25292377098473195 0.586601333827531 99540
94748 50727 0.4297595220809568 0.44810069644133 0.40880390212017104 0.508346881784057 11627
22489 90123 0.9650578433483887 0.226130031203579 0.4883410295952656 0.21250206775157376 6468
49560 98880 0.41759447934840077 0.958888288343263 0.6790677402291503 0.0612917104535996 75201
29043 91543 0.21017494039552154 0.39364425716062523 0.0552472455320141 0.16918272510859267 84322
90988 67356 0.9317784615920738 0.7398568880651354 0.191233667360574 0.19439018640955674 81720
10929 20155 0.7708035370953786 0.5312563763362562 0.7750345089115528 0.16165736649887352 35877
94372 29676 0.3835618560272276 0.44711618164132105 0.6786151726501863 0.032015048596164886 35387
48965 49873 0.11035158295904612 0.9621444141296362 0.2441555559793197 0.1690770116842054 94480
5606 76463 0.5641696463965177 0.9695062442057453 0.8878460660239599 0.3482345620732906 67238
19242 45618 0.8711333183743931 0.8602712636623202 0.2332091056352671 0.1266477856261694 80157
60729 52229 0.15281004531523967 0.09903275644109422 0.9344279501709565 0.9468181149925736 5069
27991 30273 0.7704513526918111 0.3115457757134694 0.950634281869774 0.6387632211997458 2040
52433 94750 0.722290956770156 0.5071669493520091 0.4921653900901717 0.19289691966326017 16593
5795 40865 0.6205040874844993 0.25937854282153017 0.6283303872792902 0.6680927377565132 50877
9382 39599 0.30846028918669877 0.42111527970010265 0.5634812799630018 0.9417020914480441 67962
17916 1100 0.6928104785574613 0.12670933816074847 0.2998140833069176 0.4708731227724017 75594
17136 5599 0.4209605634892757 0.007654539669512683 0.9756792853193638 0.6733411220781943 23143
17053 52305 0.10194825617465098 0.5074916819562837 0.3878548802798619 0.2981023346035717 51505
94513 5299 0.7130021533013625 0.8263177805274559 0.9079448133135251 0.35431348278927877 54135
55458 19082 0.3294348775316013 0.9762991278208042 0.44693103176794 0.7158597139251672 57950
94526 99821 0.6701944584834462 0.597739481305928 0.18189423505580593 0.21264814270825871 53271
4876 97255 0.4785525990119063 0.08135219820072792 0.3910167322401559 0.12587573446639466 91221
11568 10349 0.1894196606091595 0.18633555968349602 0.42742521800574884 0.6020067239890612 57843
65548 95282 0.7943546327974081 0.012668658000056121 0.7523380715262331 0.849667110509264 53832
96161 34209 0.2620033762475099 0.4025908356488703 0.504597996808304 0.5320251927003232 18502
4876 6467 0.875761242748723 0.6190357714179064 0.5699008835146621 0.42324461464030716 8446
46114 95480 0.5839282819026412 0.9758748177494273 0.1040876256529033 0.8280709825499691 23665
15976 13596 0.8695617139885586 0.6007984494906959 0.8417860718859376 0.4057096232607297 56428
27717 54796 0.411809815876659 0.8828343358259949 0.35959640262401826 0.1959050318516825 41169
98591 41127 0.6975335170254973 0.8737757508904337 0.33570985104972073 0.28077560170769933 3141
63451 96184 0.26035549218030163 0.24568783538968464 0.6597942982946571 0.32160578594392797 53451
85815 70571 0.9817703600728059 0.33823577377907676 0.1755437800173616 0.39196826196242773 31301
96301 37456 0.37260005722037726 0.5418455050937233 0.2786056970087195 2.5781230961974266e-05 4900
63550 14395 0.15209479085623634 0.11006638396306567 0.5169656073628732 0.9037296198289123 32650
79807 81234 0.21835537934303229 0.8733615848638526 0.08736576317095845 0.6645860220217953 92047
90863 84247 0.5288870809552373 0.5730428358465939 0.8076231012876399 0.03191424818474564 30941
48328 80329 0.9747944959857713 0.9907620664103611 0.6602149319473363 0.8932478744625214 12087
6961 60947 0.3905519974653232 0.5342003799393662 0.7635197329121174 0.21100445150665914 41580
14490 30172 0.9148072667884211 0.006853572482081738 0.19582821740732348 0.4764023222145144 26752
95079 40283 0.4692878403350612 0.6700351932448978 0.018238740108145968 0.7908764422602302 70457
41627 16986 0.16235505927146354 0.30115726110652363 0.30485013388914584 0.07994118360423019 26535
8481 48885 0.31267464201601214 0.2966638701778149 0.34214098853376773 0.6364579797075443 82967
29034 20184 0.7495695181522584 0.8104586219411588 0.16921668921237543 0.7890422754217218 98910
43118 10352 0.5971256980004753 0.9332309362839536 0.5879289004718328 0.2542236196258588 10990
60644 14142 0.9588321636837276 0.5669977687019769 0.20789325513409618 0.09007921614237724 59130
93414 66533 0.4075279407071364 0.5440314583840705 0.21355817074002248 0.49413474699875315 8873
99824 16579 0.38003881428867825 0.26883682358561745 0.9128989125241972 0.25450332533481645 2501
53757 74968 0.2753842923249865 0.4146013643113483 0.45951288504249 0.030380124872292025 4831
4757 57368 0.02214351739542897 0.6017692168786926 0.8325930220093599 0.4947454837957873 33402
72151 38014 0.34330567655897626 0.051040375237537905 0.610640941548544 0.0745578396784995 55798
21170 39604 0.2499778360118412 0.9327685383302868 0.485239858474358 0.6306097982778394 50678
15298 22934 0.27614151740018666 0.5195284082263513 0.5200471992187061 0.9253607252038116 64337
99775 95740 0.9955298726687728 0.05904906100999441 0.863569359138635 0.9633647837213075 45283
71823 98787 0.6642337268137563 0.44423992251863775 0.8056965952413047 0.8909745117163793 17751
55732 33786 0.839870031614508 0.9106019752587355 0.02573251632302942 0.8626106456917935 66581
16306 78531 0.13567638192414422 0.5430266030462461 0.24886422383075957 0.8422792893382008 44089
80847 30665 0.7878372240313802 0.7920339766820175 0.031965904540537715 0.4073022610888901 96213
79527 39670 0.05982415469896196 0.008399254738456818 0.022289104605713206 0.2794891187441021 54510
84936 73600 0.0985644620871231 0.5073952574312017 0.8274028110492806 0.12907726094423877 13841
98636 87345 0.2039602905620782 0.9660347326270559 0.06769980925471564 0.6072624219086057 56345
86591 53792 0.16334132360954812 0.7823363881765012 0.09593415033320107 0.5178493138374634 36004
39235 51532 0.45273858229859 0.9569496281018567 0.4197379623964145 0.6471567688396415 66254
65910 85877 0.07028228100768807 0.9286797215698883 0.2758846255687145 0.003521286753621067 9686
63777 87943 0.5794960274693076 0.734197261130792 0.8393898846398828 0.6548308551131713 34077
30654 14206 0.39919011410675886 0.5448374562357032 0.3497209009603097 0.4486407533829253 937
67111 88688 0.3880661862523094 0.8153724711264948 0.3183167197499841 0.574811792424661 50635
72899 11553 0.7119046342491058 0.3361444651185026 0.681527292002996 0.8703782605343413 79141
81313 90592 0.49640636866583376 0.6719273729998446 0.48743478658571227 0.3303666123736988 51399
26332 53110 0.0740401338455473 0.6795498735483799 0.9376445088330448 0.0954495480543105 66898
90787 68907 0.37042451229566054 0.6555633481709012 0.5709057603746508 0.5137494606410414 59537
9196 76215 0.26690356164537077 0.9725970831555235 0.7097321609664088 0.814578637828272 60980
60871 37779 0.3717625447990366 0.6728443198074998 0.5128728016577275 0.7193731638546966 96292
8796 17159 0.822196050054303 0.07808117438383533 0.8313697074476293 0.07647500999136303 45985
8169 29576 0.7216834044382724 0.920770109117389 0.7138166882510212 0.6560433132518059 28157
71932 58343 0.8903953994732036 0.2672361522037672 0.7366262804966084 0.25181563200165047 1873
42950 95827 0.13715902804772795 0.6879565160428252 0.800569283457722 0.5263157479912399 7766
24498 22953 0.009460287572323867 0.5376331797060983 0.7722455545977984 0.18880425242419396 54185
32451 35934 0.29887330377361376 0.263037737672707 0.8192417793562318 0.8397228059169639 98857
52552 8393 0.5388875136038533 0.40128850388687887 0.995181971867853 0.46158612606650173 61912
92383 40328 0.9313441887727846 0.2291143486857734 0.710986697486339 0.28758780744418555 2300
24244 65018 0.16681039455462854 0.3058831155032763 0.6546787811210529 0.6077869071582686 73358
8680 15181 0.06277365587284378 0.4594943136978591 0.8828755526699316 0.8453638720026118 78538
22938 2728 0.4898048145009284 0.6436564954686435 0.3490522351251406 0.13599955675125808 46725
50034 86489 0.2056492128047499 0.9548983366793975 0.6444048364151725 0.48536099436610114 28239
25948 27181 0.6757864615783625 0.1883636526372482 0.922144474770489 0.16317779695407886 8633
65589 64793 0.10457250915518346 0.06381696593524222 0.7289849591118561 0.6984313523113193 76903
33110 84304 0.9520780113926203 0.9834039584596893 0.2958312193338003 0.3315718666927112 4784
18333 76337 0.0271924244439119 0.49997649244732456 0.4683744562896818 0.8023122307718373 10343
56772 61891 0.49810571128837 0.19090131067187022 0.6720248201733511 0.5711104826355612 5640
70500 92963 0.12198415563445753 0.17784947209644053 0.6325745647645975 0.5827897762038463 73052
42679 55884 0.5115437741587413 0.8470749552632223 0.2299401622446502 0.35887634130861823 2443
58412 36265 0.4349478685185948 0.5582580211238559 0.5229740916621357 0.2332026160759939 17372
63609 63469 0.7581897383551128 0.44609802502371776 0.04884456113266211 0.9870937916970288 91226
79315 20739 0.6428056456983281 0.36450962211672355 0.09141559303947266 0.3682067215753623 25893
13624 38491 0.6107359859330499 0.219957803489509 0.4402399740945082 0.5513826414870667 79526
93522 82913 0.13917050701458067 0.6535616838127938 0.8198156203270298 0.8117391759709832 71898
62209 17509 0.40903655311259546 0.6238594366766421 0.0496698862793723 0.08107610763480555 87430
95520 16995 0.5712519483296914 0.12308221568709754 0.42133348702967666 0.9795264443599843 583
90517 35768 0.6588507353035014 0.6120748874627474 0.26895756065845144 0.6186077678883473 15312
93141 88555 0.30632823379767604 0.28627595602748734 0.6623153309002223 0.8086858930711316 2225
41633 20696 0.6256550581366715 0.7017374432281499 0.4442514316015944 0.13353687850146645 25569
26042 11970 0.7232816011536352 0.8376579014543128 0.5948362967068398 0.21238507422343622 83498
99371 92826 0.8684870212002384 0.45001393430477443 0.02277420470396674 0.7606226587336778 75111
70249 85801 0.056492838188107464 0.38376509633821054 0.5850390888026091 0.12261424993403203 37951
28546 80332 0.2968872620229238 0.5007061900960424 0.9473575067252998 0.4861314368404046 52971
90205 39049 0.7354821979043218 0.7783739058753938 0.1541111333960845 0.10902725161699911 5016
5048 76742 0.8620957986207614 0.7288492948844753 0.38724525345654126 0.29122928813733406 51893
25880 28786 0.7028242926638429 0.5234374043695867 0.5104450377163614 0.7419088453091818 50097
13562 79724 0.6222544696517097 0.5163294445184894 0.9246125689470196 0.6133441121156664 54432
45492 34503 0.12328848089452504 0.479683887795435 0.28201113598838845 0.07484871252360337 77821
15517 43546 0.8967387038970962 0.627280529772739 0.09981307856985011 0.18538213922165792 8675
11593 91077 0.9727813547474177 0.7491438649697089 0.27257833217905625 0.852725462041138 5334
47693 15704 0.34723142074058555 0.8602353386152262 0.492439689362436 0.02860335736064623 55426
325 53170 0.10568904056244821 0.5710204740825214 0.9838622448540597 0.19088462768504988 41710
99965 40720 0.5791423572982752 0.47586065120582266 0.9874763244506141 0.6664831514871659 69047
95572 4069 0.07131830965637953 0.6604941288185922 0.20929816563598136 0.014758063262760746 94291
34732 72714 0.5948404588075695 0.4379045249258289 0.6946104320457486 0.4281706419536436 47446
31811 38866 0.6387372498446768 0.9311427938283091 0.4145373822754568 0.020501258630494124 6445
69300 62927 0.5231670779886842 0.6140758383492763 0.5276592016101411 0.31857306974723587 90178
51137 50489 0.08120166435959741 0.5138887925389212 0.09020259407779518 0.9951410158411644 65746
96320 87051 0.9114215058997993 0.21246533285904412 0.019999386693491772 0.39084248705210134 56443
53388 24671 0.5873478571531637 0.07803097126705327 0.041649269039239045 0.33051835229228754 47611
76848 91770 0.16374893384111444 0.17029633041725323 0.6071679367317966 0.8856189417982772 14963
91024 36225 0.3455909101779001 0.5566853375769312 0.4409274796552093 0.1850691057761512 55485
53509 9008 0.10752048137830561 0.7712488624982877 0.29823270421564907 0.7539248938591815 24064
88302 49550 0.4257250734012338 0.1274581953077485 0.7205914504394135 0.5278824131199374 24931
10149 80343 0.04087603688206709 0.6940444442173752 0.8020197288214077 0.6431717994815874 90205
72754 5562 0.3411203316608665 0.35661569492120493 0.5357761140442063 0.23247470438970874 31967
65562 70748 0.5924211262754728 0.8005317107336894 0.6728305197058282 0.6808957831458771 36019
36639 4027 0.22982097497298015 0.8842532389594447 0.8462267038928071 0.6401866578358884 33851
27996 58605 0.10091811764220682 0.037440786182555086 0.5791000484239164 0.8298340761206957 63306
90086 2417 0.041133745188071336 0.16008884773103027 0.7061973948045815 0.0034547342312937213 94965
57025 31546 0.2897282413170129 0.5214111547254808 0.7407231482704578 0.7532410447178011 82387
6073 80619 0.8345021136384262 0.8676942787889318 0.7608183747204916 0.6777520561742343 71739
10374 85408 0.5320300318737212 0.4263833219375348 0.4967260956208631 0.18328533567552163 92620
17907 36402 0.6712799803998691 0.7680716718181574 0.9731513133283338 0.7852736673603975 75529
83341 52040 0.8350134669494776 0.01395134660019548 0.20738057471122495 0.13626702504541788 62937
10020 13220 0.16862864086177776 0.9675411323571705 0.6696609708056703 0.2306660841827235 94768
70025 40071 0.39836788294169045 0.346160569634719 0.055376875212697074 0.9505495825338055 90617
77107 79910 0.9903870128243152 0.15265543986722374 0.8470211681602687 0.02452114427987473 15437
67459 62809 0.49725747873048987 0.3914704557709884 0.9276724322456169 0.6891269903607837 85392
91722 33030 0.5545166158584868 0.5108308686334132 0.28126731545736705 0.9374190061417149 28289
51766 32739 0.0892866404659115 0.7802016792505575 0.9336322538167482 0.1913575719017575 46424
15911 82242 0.48719060323026564 0.21342171745914784 0.21486293364236153 0.716619033675149 10209
96609 96448 0.4758862153218324 0.2684197540117962 0.2505924222320306 0.5254865181249796 57457
88823 43637 0.5175551328768628 0.6154239137798543 0.062364040651479935 0.7797283099989978 31325
67301 65515 0.713895412838961 0.5324599754225626 0.7600592433622049 0.9302858814163628 37442
13813 72284 0.8252833807375988 0.07499608837072935 0.1981003955079904 0.8905944844806214 63535
15141 42621 0.5587320514628775 0.9920336051644745 0.4514027965608043 0.921738959031368 36937
4019 63215 0.637474126464789 0.1438103773385151 0.43084033378465525 0.9036252945098963 76919
9947 77418 0.07371499154076866 0.9922693614822454 0.07725391198764675 0.0649466278661951 98767
92677 93311 0.03927841355299644 0.6634812439237693 0.5044479299791019 0.486801112625014 45457
54711 12755 0.10526738553839499 0.011064888176429477 0.1586503858134215 0.27242465125347504 12305
77695 14488 0.32215528170863783 0.8223628966068329 0.4730011208977686 0.14466346413824904 68803
39369 31171 0.8566374793670553 0.5764556727642709 0.7554330337974209 0.6703812350078284 96006
20329 71339 0.20869774190429247 0.5874408692675644 0.6810358686378714 0.7321028429959905 91556
94352 66061 0.07440559321826312 0.10204802462801921 0.7838420009128252 0.9099543034256482 58647
94240 99746 0.4745151822944258 0.04672437709414068 0.07765129184338182 0.6908037852251787 21075
15908 97774 0.796480576810359 0.051966505227887594 0.6894031121529628 0.2752513423660823 71999
34477 88387 0.9828780436358163 0.044668625812150475 0.7741159832867298 0.6789431846928905 77947
48650 92289 0.061167815411773074 0.09577701419151441 0.6244410248366838 0.9495471135933249 5937
40756 60672 0.4067273809307701 0.07727282089476417 0.18412452470983076 0.1487292719734873 77087
98309 90661 0.20616084394571088 0.45056243770208304 0.7974686803119352 0.20648039206906377 27615
38283 82154 0.5735810113929308 0.16239830457277216 0.06840337676923736 0.6839340294891425 70719
8389 95208 0.8219593288024309 0.18345649118141605 0.41283457762849285 0.7041070195916617 73962
7642 54008 0.6687019104899637 0.27510964827380135 0.2708177093738142 0.027175638297425975 12347
29009 64966 0.6226605490303498 0.8197435010404432 0.6426354207166539 0.31926147537263494 7900
23756 66657 0.05564835707266036 0.17510842947158523 0.4941654867067776 0.8994869992674994 17387
99651 92527 0.5353514779526 0.1263983627854376 0.5361803618050774 0.046331272307508886 47770
83990 48418 0.6359014946979885 0.14116396934245512 0.13895599196433284 0.3136425890429758 54348
94022 16151 0.8569706942866032 0.3705133741459108 0.9696022782311334 0.2548893521787766 78023
90019 18999 0.7592382272962733 0.009836479708944412 0.7211354798030909 0.20087311232736282 21956
1820 97801 0.30933657045520946 0.6218421776728054 0.27593917538612633 0.9066413861608364 25337
3952 55978 0.6450306341131847 0.3922803722752738 0.7610459034701934 0.65438904295609 32378
12722 54450 0.2782529900867222 0.10293379530509017 0.8498368028223361 0.4669516541210871 34943
48573 10779 0.5234393540879578 0.4742747062142444 0.7031221472215662 0.1811033179675725 10187
76631 21385 0.0027511999702242163 0.6915345816887682 0.09251450119855131 0.45977460453107666 31164
81256 922 0.951584356985984 0.2960338600935064 0.7172655273491196 0.6366816043638652 37228
11102 50529 0.60114028827068 0.7281295459320677 0.5581419159215324 0.9054415852914123 78928
91436 79176 0.5208708610533658 0.5912654537370493 0.8958734046997624 0.5686064831759691 27170
45664 27073 0.6473056484915911 0.6082993635352523 0.28728606276119606 0.6654980316095799 79345
10946 27126 0.0267784576838328 0.6006924048024272 0.20073646416806856 0.690547632542887 63016
83588 32916 0.5027917983535257 0.5152986082667067 0.19885078557551328 0.4776249740745976 4152
95788 7508 0.15210448965521983 0.17786554391653775 0.8023849389817823 0.21523431692575523 52168
35136 39450 0.08365769129634026 0.12795140751193734 0.6043358747615435 0.953074766552434 74640
17584 91863 0.35660232072544207 0.799582752333254 0.9209283935661556 0.1402922509962029 67354
47282 23845 0.36072530201905395 0.28926879425071295 0.11031847640349934 0.3812170949463358 2339
57203 43820 0.5026772486447516 0.904086700458129 0.5113216656025091 0.8787189220984848 77064
29708 51788 0.33393917360211234 0.5774515636892488 0.0967307110684742 0.3970413230527988 66496
83565 9257 0.7252303358071576 0.6996924513399487 0.35248120806464467 0.060941153322455976 34471
37645 94699 0.7113090879595974 0.9885143799764812 0.13341751241972666 0.4947495816907185 21244
60239 98942 0.9937235450940475 0.11871294300272095 0.6279802455608773 0.399068304709538 1668
32088 21586 0.2907322206230707 0.5940690211394677 0.25241042109752376 0.029875778585514934 67411
52024 71132 0.10668325817566637 0.03982906791040719 0.7917291383271495 0.3912157728102582 11233
80073 80801 0.7661281247680829 0.9365406685166874 0.30229578623832876 0.7486351806948498 52733
76425 45715 0.046641737446130094 0.6888380844680316 0.861553322131598 0.2297596859185872 12565
16419 5163 0.5578130575183479 0.6143309725673316 0.3475438313500854 0.505099276275724 76928
34716 97503 0.77993786547926 0.4926833702217943 0.1137685978592754 0.2566392869151116 76087
74131 3899 0.25531194798556134 0.9733947233187792 0.6587868484321154 0.0052745810981770225 96125
27186 12577 0.9306207423586084 0.7945450948714412 0.23873313196829904 0.0955598253400427 10619
61918 66057 0.5729526465795758 0.9807122526379737 0.2980667295385453 0.016120996450203262 77483
69721 82209 0.9161851942901814 0.11455344404297851 0.739627407281301 0.62509791164479 17441
15341 17446 0.6816579858090139 0.7692720518280592 0.7739589712044935 0.9209861164397718 14743
37028 21965 0.14528044857954747 0.7901004697939166 0.28364444019579216 0.9461149743445271 20320
30273 27458 0.3071877554713859 0.6488360452957156 0.1215873192121445 0.5285745007306041 88948
82012 68454 0.6277335778982154 0.04859272457496666 0.3114336612467282 0.8365823322992478 40806
95382 97777 0.3835158581579564 0.49381750504251487 0.08105296855841382 0.7528040711801969 1116
8347 13477 0.4514620654766025 0.423803133185918 0.18592180493637422 0.9638857887803548 90322
89592 96389 0.9152580212344223 0.38386852370017166 0.1624235185416112 0.16596925191670697 13621
81458 39509 0.9640811602850827 0.2090175846276754 0.8141242998720836 0.30760905834177443 2405
11323 68715 0.11052859758233025 0.5621840722174307 0.1756015248529944 0.7875897642663973 61476
30316 78393 0.3326549610995174 0.4429479369446433 0.24252736082390747 0.08391210720999642 85289
98193 16589 0.5079567756895157 0.6272641952171801 0.08588193199825211 0.15925818984658668 72624
6166 63206 0.6450647619383723 0.3820882418602253 0.9434549651932731 0.366039184214516 79591
77819 33727 0.6923403965179504 0.3631053017420104 0.9170145918697754 0.6281230042433444 89285
76355 26531 0.08265688374582247 0.6780563232134658 0.42006364499327675 0.5610990465964832 14520
11107 62472 0.2600193534145324 0.1626646619230414 0.7608876086426023 0.5726550471610223 78462
65373 56149 0.8528294909992118 0.8529164071902825 0.1586403622338941 0.5944841784763831 98804
50404 56406 0.035582091735287924 0.36883104192489735 0.41463137142274 0.9863466672964744 51139
63971 95954 0.32526013827537836 0.8277113382563572 0.6879800672934063 0.5118136661020352 14660
57556 78305 0.5731513591120725 0.047372289050715666 0.4153536448307398 0.7321919344205456 57549
46913 80847 0.7191491024486502 0.6958768312512794 0.09282163421209222 0.1880082287402447 33876
12563 36138 0.35021274078238995 0.41369978337805224 0.7099933655662691 0.2843068258155741 27106
24240 35111 0.5026400588708334 0.19736133263335953 0.8040510405566016 0.00025934176036723766 78270
40638 97212 0.6994417548171948 0.6596984126301714 0.8912751418889113 0.7278848701254733 47018
17547 23169 0.7364428096026457 0.027950258594575117 0.08428725457390485 0.6302227330888126 26111
24354 90028 0.4519501060119242 0.36829645051092097 0.10172942576856636 0.8494154380975942 83101
16246 56894 0.6575204758162009 0.927968296611942 0.3922052787584053 0.6657616083544199 7681
50604 57829 0.5257879075944845 0.8610023160789418 0.22102258336079228 0.21655681798725512 67197
28187 43312 0.37667162022829814 0.8202000910008272 0.7388022169807499 0.7597797319736296 8279
21916 21311 0.19152025587890087 0.4269200262316917 0.8057648473030948 0.5280394233815074 54489
326 785 0.53857168845677 0.7026982103865318 0.6875651471435076 0.2315882178141615 16626
32269 54388 0.01248451842431575 0.2289608095900314 0.9851438428918525 0.6910282844223108 29432
71691 911 0.6211988667168544 0.33071833400052963 0.6611664692256064 0.7037153715090478 82963
55469 40507 0.37180084443214145 0.6559859479674108 0.7836669748681806 0.8060723112851411 26928
59383 33803 0.13022479384812136 0.928037736470976 0.9344813530664218 0.3998507393826226 13649
28595 11476 0.9673378100086847 0.9038145789747418 0.6025852753515435 0.3388464011713975 84323
30524 56858 0.032538212679069645 0.7434281354427972 0.4090257650203615 0.7597490438652885 54578
9435 73045 0.32705359602575557 0.5391254812641969 0.8521289523434933 0.9804716313989834 99681
26036 41305 0.20307160714507766 0.34381763142557 0.9975371713850582 0.0010918148475989042 47414
28124 55932 0.30394571994591413 0.34842122015880295 0.5019545752906911 0.5390024813662228 62501
77525 38981 0.711363496245265 0.8069913392906675 0.5154107700855085 0.6566616285272646 62900
13734 48867 0.00962681270084631 0.8038616386236391 0.2208838298887621 0.1365681851307604 89407
5751 51987 0.7625095991344512 0.19425697741301173 0.8340721764123001 0.12396949641653454 58754
4919 29352 0.8948678033671952 0.19599794928186587 0.6095914563405596 0.1276657668996779 24502
72318 47310 0.3799641399123811 0.3152063042257557 0.33513097544908144 0.06368248254751263 34462
36820 33354 0.01205887793424576 0.030061118351833782 0.5989487987717294 0.5001283011450183 26745
38344 59266 0.861486210820488 0.2626884531363487 0.826177121931205 0.05685382140034878 79882
13009 59092 0.20633406674310206 0.09129849933667156 0.4111110662576265 0.6098036069897692 22010
40991 42556 0.10304366824741318 0.7865000331713523 0.03881889197664734 0.5392243308764927 29736
33862 21473 0.835936964056129 0.7026609882786785 0.8309943787500297 0.3104420296530276 74351
43669 68767 0.9061628604077547 0.2840174202320642 0.6279739301705841 0.030750528038395286 17298
55937 98039 0.5183938611782093 0.17178051216820311 0.9081139743687181 0.5226830135667918 31232
49313 91074 0.6381327068645524 0.10594912254281674 0.8263063498201592 0.3252542266210522 63924
76706 5197 0.44722505160735915 0.519555086606557 0.5572467999712836 0.9057002874839861 60375
3494 86485 0.5932486979780512 0.27388531149529916 0.20346991153651783 0.9764177821613019 38244
35686 75371 0.7747878364027451 0.647985299593849 0.9695807336829632 0.24249225004746744 38287
52207 5169 0.16880460295105515 0.6675402821153307 0.001750027046809044 0.9942324973521561 80496
29478 11481 0.707940380256637 0.4028434520963441 0.4362160333250451 0.8568691875943844 96390
23859 16613 0.36002846520988685 0.05890621457634182 0.9488785338438426 0.8692093126082284 39534
59538 82628 0.5425265010805972 0.8216713097085168 0.5313713405878385 0.32835226594713396 40687
6068 45770 0.637987773923029 0.20433821795941254 0.09069381019251466 0.6339744074067217 76858
71802 61344 0.9520700780689195 0.05072536487110879 0.0037330180769411525 0.6998693412075573 48686
21984 38186 0.8650972253835889 0.9517331121846614 0.7971749871324327 0.016971552852259375 28288
17649 72384 0.7470480540340007 0.6979624313313795 0.3638691361670401 0.8343283841171313 76138
51445 57392 0.8222062906738326 0.9640140565734681 0.09752334091770276 0.2691973914151702 98181
90692 9452 0.45166578238465516 0.9456244469732663 0.4545511284847594 0.27062224685592373 59039
43084 33984 0.7907623107620068 0.6048378795230612 0.15093159299665515 0.49335604940508415 12046
29151 46274 0.37961899125225074 0.8017851668739739 0.24585430325064817 0.9431947994020655 47989
93217 36752 0.42488761088049976 0.4251970358366798 0.18762988079870568 0.658964511738491 50013
86993 77083 0.7192209150905874 0.3936506619297535 0.7589170198380557 0.27383206694126405 48474
13930 86762 0.5398950172282119 0.5036710561326858 0.6982363713502955 0.8891899278022221 19002
81250 9725 0.6673354186538738 0.5728330669361588 0.9355096201206459 0.601336297725462 75359
9072 37329 0.6941029044534719 0.7357760904859624 0.3188324481499194 0.6302963991275042 41224
72673 85201 0.6023730415346553 0.16139589512805375 0.0175095258965412 0.3680568958107824 13663
86861 31985 0.6792327565952595 0.10850165941096701 0.3275516041906962 0.7303374356244409 92141
58580 1667 0.2886621250186556 0.9560651405319496 0.6858015730623594 0.7155860712425368 49016
81835 1054 0.8250614737576756 0.35421567777473917 0.19463104133081677 0.2501836652449698 10897
96365 969 0.9705709884792489 0.2752370834282041 0.538010274216513 0.04088739185061663 36355
5956 16934 0.9520073791280511 0.8527863563042438 0.5160794951387293 0.7152387866958458 3798
27321 45864 0.12626719043338142 0.6708406168960132 0.09040333698858516 0.7212607219028643 17116
30274 17426 0.23369968033645072 0.5028003050349872 0.7038907731274547 0.7923519406608248 4557
10913 47675 0.3630648757701641 0.427716092112271 0.20401107833772192 0.8462674111941152 91978
76129 3992 0.12371838596570539 0.24041665457781702 0.5568536319568855 0.19259614260847635 3955
71281 23606 0.6632166045034007 0.7174759101153044 0.02190515260469228 0.4741089498417135 71951
74202 97055 0.5636868676668095 0.8795488032375225 0.2328194628968947 0.8280588400254748 74894
71539 28874 0.228248265783628 0.9079580530993023 0.2531251345689134 0.6673644113236364 42492
62539 59898 0.9228010614884684 0.3800531053753142 0.9764610536931497 0.7146731846077846 28658
16086 50565 0.1832255727481369 0.46514798396948687 0.3913488432472473 0.1451672049202447 71908
20936 96048 0.3510034552962422 0.9333838499107845 0.9602149204004133 0.3159519958940593 99122
16725 64157 0.3784228405664578 0.09440403914660644 0.7935488599127192 0.2600397392697915 86852
57035 2022 0.4645374461001901 0.6973340149335405 0.9759091450908823 0.14363825375527417 38302
1165 36175 0.5801628457264992 0.15112781112706875 0.8794893033605857 0.023458544056754738 20102
16247 36738 0.563795749319498 0.8950635225057292 0.7409737850196435 0.045307118875500985 66231
29460 93353 0.9041575236954807 0.7429474824508198 0.47348797393502595 0.369846844009052 71475
67087 51984 0.8617932641606121 0.5658522638557667 0.5101901376706248 0.2865390246840638 88508
82566 49032 0.21901545344852813 0.0347774343459214 0.6881071586718076 0.9941220716667173 46950
86970 23756 0.39843525139284197 0.43235885442181543 0.611175860146614 0.12210718400972753 86701
55980 95504 0.8606119470005433 0.5536465325614693 0.503553776645852 0.26435798328954585 19269
99041 11072 0.9532163625466954 0.26641281120503313 0.9383490848417364 0.8404713334726225 71201
8588 349 0.11014377241492002 0.7978816724730845 0.9056351811352983 0.582808778297563 77864
22846 21354 0.8063848050965162 0.8259173711945981 0.9935860498782925 0.43335536027795785 69116
3029 54749 0.06016434324308262 0.6209279830064856 0.9081709891209973 0.7301771527553202 43626
63997 8089 0.15973718027545558 0.3426245392462507 0.29107712642894246 0.31935041379764983 55294
14675 15753 0.19424747027353417 0.3741439531237609 0.730956843247902 0.9385500520284258 6777
28126 22532 0.3477774160798768 0.9004117881965759 0.2577315395409322 0.7381911903255992 27180
38878 45944 0.8297137037651307 0.17990985410116533 0.3761127921224303 0.5048352779321956 25026
43708 6443 0.42221475564024746 0.35782281803515315 0.39988111540213744 0.7523972749249297 82014
26292 66538 0.41618052156660956 0.731509729935946 0.0011025192561373576 0.5436713322241968 4014
20557 81673 0.3014135481883664 0.41621519695732 0.666607642537086 0.24978486516896437 55944
67631 25025 0.4602518898023312 0.8520952274980437 0.4218494491508935 0.7212476605535704 18233
60422 17817 0.3208330505198569 0.15607124881466206 0.6852691409043812 0.7560296312081297 80802
5159 34607 0.2128000648474152 0.15477583124718952 0.4686718680754648 0.7245598093684635 84044
42054 29609 0.2397194975798178 0.8466982586248636 0.2692483625405869 0.8174881415977003 30054
28266 86245 0.10361508074923487 0.06299222119810144 0.9420244352121532 0.64741915985158 99351
23698 37967 0.01371557667290213 0.9023999492879484 0.8288984665937276 0.1698203279452123 44579
42188 22743 0.3102189166509448 0.9671621737956283 0.3945017779880742 0.6626439282654285 81895
10460 72226 0.7177436201748084 0.5533703850423278 0.9123650782367378 0.6764169232071993 46637
67805 71627 0.26785529116118034 0.5139118158910445 0.6223881543498472 0.3316342888901126 15817
88423 32550 0.39175223609866683 0.023899417667688883 0.8815586572202305 0.8073896031223324 48309
60922 41625 0.5897950339647504 0.27032140271415417 0.47676138507735666 0.29345077870529457 25282
13067 42272 0.47439317272239756 0.3612159030137023 0.39949835885712104 0.09535614950896709 62015
87769 77903 0.5766298899703896 0.05424033551684082 0.8911366202665804 0.6268343702924912 35671
59740 72213 0.36335842461740653 0.912463448354469 0.7613290736691716 0.6160414820359092 89809
55647 7034 0.2753014428643671 0.9902611192110308 0.4155083387075049 0.6967002685204924 50476
51111 57160 0.9753163879525003 0.7565955192152084 0.742984034881251 0.5437397629071777 68870
4544 13477 0.2544225347826593 0.6308355746870088 0.02243575632111028 0.9281449273353735 71797
54914 40223 0.4770649256750188 0.9469356373799472 0.4467185702832157 0.4697151588515105 25834
30909 22119 0.113951100214008 0.44486870318083493 0.4251758485212309 0.3637432874852501 5497
47571 51132 0.3796738846403449 0.943070031507327 0.5448198005102876 0.11879974495481449 94812
55700 52273 0.9652059104553425 0.07053114666381255 0.2853396483816053 0.4922721884950386 82833
57531 81917 0.06701467160851049 0.36959527468173414 0.09115656078253975 0.49041574989539627 78305
14698 43779 0.08702080013446778 0.586550364370437 0.24270359807977715 0.3637590136583382 38750
74859 87355 0.6997326085216021 0.9137029103768424 0.7255782749371652 0.6505226684552177 41221
5670 51247 0.9230876000181517 0.8192303748515783 0.7041347119753886 0.6574121873078128 81427
7825 46336 0.6386190601848718 0.960686719716549 0.5354898132703189 0.5959466685069755 49463
88981 10096 0.8483514934086018 0.6071752454940196 0.49098548087636407 0.8038779877345893 33025
88927 47668 0.26215287883485294 0.3332019250592436 0.8934871558847457 0.8836812370388324 142
78202 76931 0.1733892874281564 0.9046465385326118 0.009629296790425457 0.8054407280405874 78535
48615 61338 0.8879486568447826 0.3014361322430127 0.2832612457593626 0.6414402110859596 82554
24058 24935 0.8583943664167183 0.8402837268061699 0.358382084817616 0.7080440186671948 17892
34226 14681 0.6784440911395584 0.5692637424652757 0.7572968739314612 0.14090068597835426 52674
55715 52853 0.5765816990942598 0.40284969444783325 0.7517239582227466 0.6815785474162634 63345
91139 11801 0.6756140510904138 0.9984484355305813 0.12594646388958386 0.49964810784270186 8652
21900 51409 0.4179739233690948 0.9446692458577207 0.6790165351279693 0.08273397801014426 97222
93656 58069 0.5559286214914465 0.7727814178325914 0.35786812613788 0.10521605918375587 51333
20861 69953 0.6610764657452325 0.227906800621116 0.20378450716904872 0.554980945156525 26603
81427 32709 0.588972552397733 0.07147504747556266 0.6105779954283338 0.9986901308593796 55298
69555 74613 0.1771670227728398 0.49956848333230086 0.6273560632159944 0.0905356948985585 60582
44151 91273 0.030556310023493793 0.40013296741635795 0.8363396773530007 0.8144269795418526 42199
62524 14279 0.9131779330889519 0.37908380948348586 0.5398323510645253 0.7197936401717426 21337
64222 79683 0.16182033566230458 0.13401123611278798 0.9777924498377649 0.9589891299282826 79767
73112 96261 0.581683646316722 0.20661214285765306 0.9848730120665509 0.494432700341211 5778
17595 81078 0.8209757644310611 0.3273265509238298 0.9858380028708474 0.8258944159947952 53704
21516 52356 0.43375314756595884 0.6920887327901426 0.7412478950957829 0.8892846325236207 82032
50016 44371 0.18437008143344236 0.4992906838329202 0.09451466048425705 0.6414504022960962 65921
72140 41529 0.7668284383983345 0.8787348676816408 0.4136275740429858 0.038402509151128306 22042
41987 1076 0.5535298580359548 0.04728086246728325 0.4712320434402453 0.831953095227282 92610
83169 23040 0.05297523518425595 0.5679682094453109 0.18039938876242023 0.7267105265318866 42668
29963 38227 0.37092503780300434 0.08038614935858812 0.7821506147286761 0.24659387824214196 52629
24566 8782 0.9053450582399943 0.69347935451965 0.1562344838879951 0.03473798980718301 10722
81121 78565 0.2551808108170398 0.6752577834694289 0.15132503885885928 0.5911152416737682 96046
59802 49685 0.37035215995070914 0.2295083515153422 0.9926040340393756 0.29197580987683613 44319
42632 24681 0.9341348824889031 0.03563978096362852 0.4713800793966596 0.478367436780879 71203
5744 62699 0.03537585222880213 0.5276039059266123 0.4296741151885617 0.2698840504190283 41639
17166 39137 0.40998547628602144 0.2563117523986317 0.3385394126696407 0.7966941786303545 57078
13845 39746 0.0990258758740179 0.4009099794981862 0.20099492265879915 0.16321296686449982 76101
20715 87187 0.9739389057167135 0.3415666827245286 0.9267016026708371 0.7892440133526598 53999
97887 62210 0.9423079380113151 0.16907896266824174 0.24406158438075742 0.6580655047869873 37882
1195 46395 0.31887045168811456 0.599506668925515 0.2764074528438252 0.9008505585421903 56040
94404 15686 0.7707331641960502 0.44029702525632386 0.42678837086823174 0.8188536595113559 51386
60481 56790 0.7002426712689201 0.15536422509618208 0.777090758473773 0.052292742099526945 3222
84817 8553 0.9468435638979632 0.891869419315576 0.9171622853388467 0.34341250255310785 65305
83220 61089 0.15807736972040065 0.12402831533752989 0.04611773935714858 0.3397203128221664 72465
75580 55466 0.32229762375604487 0.514458837903571 0.6339533601085795 0.3556712166484375 11941
79294 9989 0.7159139892549895 0.3949022585492593 0.26711342725238163 0.9436688998073333 38272
17482 17754 0.5744602823301219 0.47763082413712166 0.3218027910021519 0.26688782348952644 7734
40908 6467 0.21657594209017683 0.4209542528340151 0.03253440823480602 0.6237833901270232 50151
83111 1044 0.5906120498163338 0.5968564771912835 0.3088852910218832 0.9467754057369542 88793
42038 57032 0.9356077890806235 0.03819173253252517 0.38297586355853364 0.40435913846023563 34667
49043 21706 0.9111453439536268 0.6997898033210156 0.37544499274135823 0.9940301142897933 87042
56222 69251 0.6359672833096388 0.20601235871228862 0.49673561257122234 0.509792796593535 94698
62329 34157 0.15929897297105355 0.4413070622745421 0.20503999830332298 0.8744220147647398 68825
10105 71166 0.7988811668100242 0.5679643738278223 0.34437312806640186 0.7069551337180301 26447
4742 75444 0.6577877094875333 0.6188004062153983 0.5544183804278874 0.27823351917578665 4332
10220 91998 0.29004275553841563 0.2749731822237277 0.16040027291484105 0.5203708982102278 63364
48496 67163 0.2633835629651313 0.5200355428930181 0.6586585385672551 0.8123558292227553 20383
92213 42085 0.3852357350193153 0.3875962452638759 0.7699881866337492 0.5978362759775286 46995
36281 11404 0.11087764911362652 0.14240962331303075 0.2670347590542854 0.8124040110157158 52190
39601 66437 0.7052530978726952 0.26226663848959597 0.9035783441905127 0.952432220924818 71053
29833 31673 0.5615937615790739 0.9167819415030829 0.6810619729002286 0.6137187845081277 53894
34419 29684 0.3238110028094907 0.7714539550738787 0.3688370801606321 0.6545941370940555 65607
43237 94530 0.37664111741145356 0.5032417062106549 0.5867865654391538 0.53463101588916 51735
61926 23146 0.38951034514704563 0.7124951658535981 0.8517247213375977 0.07909248616067777 50928
47608 52989 0.894985218600673 0.5693640518684607 0.6379892371536067 0.7576249512134738 97312
68372 87843 0.7497877796940574 0.9023492107592159 0.7619927182080489 0.9010168208072471 40615
74234 55142 0.28556302818016577 0.5403340276832959 0.28676518900054493 0.9002536715733671 39535
64077 7078 0.8542072704598146 0.6972075095141417 0.7592173606994843 0.9588347718502602 26996
80636 32630 0.09711742476512009 0.781756874593943 0.2362278012589215 0.7771261939397078 98853
5850 76697 0.8442308123606812 0.4306762881282048 0.43687031667552323 0.4504279959126739 86663
77155 63366 0.3233123776186604 0.5190064820938465 0.027737174876074966 0.5056993187532789 17260
59612 64383 0.6841396593710815 0.5608954900403802 0.47302585287839927 0.16513852531534656 37558
40095 60831 0.7074594962050962 0.9260294464683573 0.2774745766067259 0.3952076672921466 26014
3526 50983 0.7846138895375441 0.8865888700037339 0.43469423111378735 0.8720431783242819 39276
91173 12327 0.047742908454900035 0.13607345557968076 0.4894525401926426 0.684672416080107 1507
96963 15686 0.5717504799051063 0.2141633985767517 0.7739930478323682 0.5094973418372819 74563
26782 44630 0.5509703661418601 0.4722177715390061 0.7126863983768315 0.39289420673528075 40758
29587 33240 0.5636745569646561 0.6752756995035781 0.06992672390786514 0.6623601003381189 13281
77952 54597 0.42708057634040375 0.7310501741859857 0.03596929120414749 0.4220986998999283 21210
385 6207 0.8524558374928937 0.3391038451113355 0.1281465478718341 0.7164192723558394 42695
95803 82805 0.7314313229870794 0.9780480361862196 0.7727971929556618 0.290377458755274 52123
96523 63395 0.30211099714306566 0.1736401107793909 0.21454349489758395 0.4206173165298852 44034
21260 81941 0.18040670653463486 0.9038951828135455 0.7026171081228837 0.2485783511602847 22198
24166 71004 0.8592604903372344 0.049626638271403234 0.44501270360669365 0.4613681512782484 92145
97375 4591 0.11787126274943516 0.27072207121303205 0.1206492443684789 0.046606450738678196 24805
55980 89093 0.4498020987362412 0.38356926872183905 0.8018321058345144 0.12697975803071282 36279
80104 87907 0.4764630065962384 0.05327280195874062 0.6172972410285291 0.33077937673735625 43835
13147 91359 0.6279504763681145 0.8504158092367831 0.8869885691835415 0.42787883210446753 17823
3072 20806 0.4279214105183142 0.4666294450626087 0.9096256519605983 0.9797568027204648 22186
98251 66420 0.10655746060332416 0.4379600365301348 0.014526766558966897 0.9309445605960396 49484
16899 68363 0.1395737081465802 0.5057680730446844 0.9706333997707286 0.4081448344182651 94222
5655 95524 0.3630790338220159 0.17729404290592155 0.4734828925357424 0.8353420581479426 76279
61397 48379 0.33606293219713734 0.1755602304388615 0.6427801050222597 0.8789093230577634 35383
72983 94577 0.25081316533824716 0.6812223217380488 0.9992003784513332 0.545029627261945 72801
96187 28016 0.2048880118262847 0.3395482111096563 0.5463052715228038 0.5010568346903604 8100
70033 16493 0.7478814613088495 0.16248059137292314 0.07302001725561369 0.4186350670218596 89238
30676 99688 0.5222063969002931 0.0967639034115938 0.36261964801331414 0.2955958573653845 4449
44445 39796 0.7057481341489839 0.8704188318515196 0.7879988798964511 0.45089196257599606 23849
55577 27261 0.20534141183393373 0.22907797628613125 0.5536681764331071 0.257149376233744 10617
66532 76682 0.14076960676152217 0.024510641456139237 0.06281747113276925 0.17716673443075504 49716
95724 53675 0.09384162336696411 0.7276592254152211 0.46034945456917453 0.7340762255662968 45256
45392 57732 0.5071497498995535 0.5886359271863838 0.9332465112661915 0.6166492206080759 81976
81734 12638 0.12360614242375545 0.5681454535781215 0.15741464458285337 0.6959953189201468 44360
19704 30073 0.7345454175476125 0.8675054253716487 0.8854431712457635 0.03125642671485063 52254
40545 49454 0.6692073270427702 0.35911938317602476 0.8542420565914879 0.42016251219386225 1907
91643 83550 0.6748701848649349 0.06003779759796146 0.7702365261992878 0.3031762048790184 58342
17310 98596 0.8043455863434571 0.744356933323038 0.561336374715883 0.3628507430946951 8201
30835 51257 0.4320940921797176 0.7572185961616925 0.4241510350227522 0.5373280957418516 92252
41092 34968 0.36932146814622646 0.6144565161785953 0.11289446189473251 0.22843445075661362 45198
20647 42980 0.3585006208866738 0.23978453276283496 0.9643306968441882 0.0557024429719043 50009
8404 67860 0.1399935767821442 0.3995494522313381 0.2932213525935403 0.6636763126644093 22647
83361 31868 0.24108151287526058 0.009299877265723455 0.8868614858914736 0.14513974338225433 49927
79474 9717 0.4034158104166756 0.233426143849783 0.20450525227566718 0.9466709792673131 34730
55317 60079 0.6006101216293265 0.011479895105999338 0.3426737612157943 0.9895323917516298 35050
24230 83430 0.7311892002305354 0.3077571252837086 0.5698562708959055 0.46645914983170456 7428
37666 21834 0.06249028400708112 0.9478426849803918 0.14143238979348483 0.8067260759809173 68715
28686 19680 0.9945703980727588 0.791015941748933 0.4425893634042587 0.12100065905440227 21822
18037 48305 0.7288650413926501 0.3239898824300388 0.8755900585771824 0.9319341188715549 76450
66487 95826 0.6479470168100486 0.8913162746481325 0.08058505475643585 0.9660798165705857 20598
80833 65325 0.14606750064087703 0.322286216588334 0.31724170400903373 0.6326955786287136 1851
82808 90138 0.30427558327674675 0.28378211009433885 0.8554856915396951 0.8189862771988641 48002
94923 79737 0.9953834614938238 0.23800170226026307 0.00273137281366298 0.30565195388455413 72096
4590 14274 0.2608785484593801 0.9788436878573472 0.7083607074710214 0.11320777739600241 68960
89386 33836 0.6551544388248222 0.7583535327363671 0.7546207479587099 0.7376947919558784 50296
24816 4118 0.40602402459097775 0.03213385048765183 0.3418650025100529 0.30660229702274655 67758
81017 18055 0.4619542016931323 0.5668904590201472 0.013933154871174414 0.7149388131939258 71969
83962 35998 0.8341212701846799 0.8078216123570794 0.6669493651317605 0.22618869704815003 99080
45797 13606 0.3885899652195042 0.7225057533073111 0.22367711689767678 0.6059336743344487 62001
59705 86815 0.6033296203833912 0.8833700580403437 0.18740385290428863 0.9571519217474272 24675
4002 35142 0.32037506907128266 0.9317301365760869 0.613896809698399 0.9513528802312744 33294
93238 47644 0.34407373689673837 0.6937685466575148 0.30672269412515685 0.49117616556603316 62535
85598 26057 0.7396744001809051 0.37408710314118554 0.7642628657521906 0.6645668578660034 63179
11388 5520 0.8893838911898736 0.4954351199327691 0.39880186576437915 0.28356864271698323 10102
99116 62758 0.5130582912718432 0.2528541148936503 0.8809490563657777 0.1646244685272883 53441
92279 44381 0.7106139612937543 0.3373965561585365 0.4918420421363393 0.7733418446146939 76250
38997 49301 0.04922859895882592 0.6881826826645014 0.9472644972904694 0.7564767870617615 13031
19300 92916 0.2593921285952583 0.36968308747717993 0.7831287693712667 0.10917051234855213 76373
2367 82269 0.3872071995729002 0.8478755949261331 0.4708704152380292 0.3817620901692407 26438
52822 45697 0.9097692389888375 0.7459076971195637 0.7765946850638867 0.6792992916502353 51805
69052 6184 0.17641141538904503 0.9170464657144525 0.4148327117646512 0.6835762140378849 71443
45062 58049 0.1517390433755288 0.3328445303515408 0.5454053871322467 0.08947163655952317 7428
19422 50032 0.39819350358239736 0.6693395036243153 0.2018856950915281 0.49180386319707425 46900
1200 37880 0.5497601386879991 0.990514211599874 0.4440496921925676 0.9425308056999117 62665
34790 93435 0.5803561365555362 0.9621569838985923 0.3370818017636138 0.18850176472379354 7169
51962 53694 0.7587589948841881 0.924058438095182 0.3249228144807178 0.5287306223577566 37422
46276 36857 0.5439603583089898 0.13617396985916053 0.6399843861765322 0.7187673190589636 34921
63413 57433 0.7938229864199363 0.4262113934539751 0.6218696151358193 0.8994448407972226 65748
42747 71870 0.21526459078119797 0.5488903529969671 0.4965974718039422 0.7406300338511248 87049
14839 66256 0.26780465742687254 0.4565895050865484 0.9572469407947147 0.1882311016240279 84862
17141 54987 0.7344583456425511 0.9934478672020716 0.46652486070092203 0.7588945464521045 52872
69086 20054 0.7724968210387221 0.9984059863949286 0.5237910369401912 0.34527311678455286 12695
81955 96619 0.9109797046234974 0.3843633290603735 0.9910850281946629 0.14357365420803558 80151
15392 77952 0.060347532458091546 0.16673624659550657 0.6265194514367902 0.5322818177112069 74705
14784 94037 0.7051400962728157 0.6547850522433926 0.5833150781615699 0.19400631879765862 42159
12808 40101 0.27113561643711814 0.5169906794270813 0.3606164217070186 0.2983158235401129 86424
98884 82854 0.3655434836900294 0.22305679074513995 0.14973965096554276 0.2605999219163979 77293
35025 17106 0.1283870791872055 0.34597160331114074 0.999707652244647 0.7200453991473326 49568
26668 53648 0.09927929134940439 0.8401540291747679 0.15491936924018712 0.7639113387119515 432
86942 21409 0.7441305535919952 0.47871870319190424 0.663435162999906 0.3996572902623784 34192
87773 51702 0.37497735527022336 0.8163764123515761 0.0793299857452806 0.6664073787242104 70686
61615 11628 0.5517983406669691 0.8647938205549677 0.7461203670151773 0.5709814537507663 5624
41524 10266 0.5853187411823039 0.3880503968265093 0.6713891708273834 0.5957695024002385 93695
56180 41268 0.7809185214586544 0.39676573249148217 0.609196144534372 0.26656090806191257 4935
58512 9059 0.8726295967383869 0.6950911191677303 0.44491545606113736 0.642215283341311 60295
70301 55056 0.32068079935862503 0.057564015559107284 0.7801056731868916 0.756334981304316 50522
97988 51529 0.7225415443323722 0.21014626261436586 0.3190497023629211 0.6108324098625069 378
61060 27954 0.6063290240381688 0.02594513214052685 0.19774930524805057 0.7007820303936947 92052
78204 26502 0.039235381957422155 0.11422329839865542 0.882139351311955 0.5627035796036267 55382
46401 21757 0.5630886715075035 0.7819973287434874 0.5055216778302396 0.6628228729894559 15253
90104 57628 0.1436957914032133 0.3019685370864449 0.9442363660186173 0.2670267936378564 46145
33232 90870 0.9526927416701223 0.6021048691961632 0.02731626465381609 0.1148781488238485 46139
27234 20462 0.9867349016329624 0.9363695643480325 0.19599330793071867 0.8713379663225603 41030
71496 63612 0.42269958176653255 0.27474965343384894 0.8988418922541092 0.6809423213892472 69717
34378 76107 0.8765340308057068 0.4450578312986835 0.35733672644506087 0.8360243984075371 65671
45807 6651 0.5600038774578242 0.4484055975870367 0.31280903228264656 0.4104810313049567 33433
18526 30061 0.5446100432038739 0.18929553626249085 0.7751262925599557 0.8001516439282839 57006
57683 90491 0.3114268729046321 0.5445103964471782 0.059890741297465855 0.7862706343244036 65012
71628 51827 0.12013173885212369 0.5398281404556762 0.3203861389564312 0.3459991638191514 53825
65702 14678 0.029706785608492492 0.7043212762904855 0.5255922238516578 0.35957398948163666 38662
5113 91114 0.7407033982911652 0.24723829224789917 0.9351884481808341 0.053360229179096885 10483
49101 23680 0.07574103524755615 0.7104777472529178 0.05532620817486433 0.5906754865952696 96339
29549 6466 0.4165472882619916 0.916455137489831 0.06088604103836548 0.539748139223706 68742
92349 98154 0.47436056656731884 0.9862227789769473 0.9551338453331272 0.7856069176714702 58691
16375 65458 0.8709967776123964 0.7254053417858513 0.5144210910611209 0.8188190508188486 51021
58576 32278 0.20630639713101762 0.035210117305411126 0.8815890677372155 0.37842534196091304 4173
18210 48064 0.7585624189919327 0.743860980576672 0.6779601250151508 0.2934755051324146 76326
90932 2653 0.9034960474948315 0.49481696926726926 0.12545802255476168 0.6782139328078085 95564
92958 17270 0.07841705133471966 0.03306822022250622 0.5406553724239769 0.3517090630310008 3713
20333 62396 0.2603013509780697 0.18731975991143024 0.15047209443467557 0.511107085022037 11033
84043 81446 0.4004901668245886 0.9026910512894241 0.1856839844467102 0.3332471397999377 41117
86409 28210 0.6884633716941697 0.9383413175789007 0.17607600376131116 0.9684072983286139 67844
39026 50658 0.6119184119168993 0.29102765376864126 0.12299401020046774 0.2788002185082944 57423
7746 72688 0.17544414144622267 0.8823501483547894 0.49192326905238337 0.9820666238482282 71366
17380 73105 0.337880961769606 0.18711836589120157 0.6928336744766842 0.5377568240101063 94164
47610 14652 0.32703526797907057 0.051218165887618294 0.21619714396054757 0.1291669072363384 97442
24001 51573 0.9649873579651896 0.5256666328336775 0.6569980576974095 0.8464725940332639 13363
46012 84333 0.04602508615025369 0.8012281107357554 0.06339814616040451 0.030847846554153957 26236
12 96512 0.9344454683541471 0.753960653438197 0.7534391983168027 0.4432113304647528 70387
36155 45112 0.004008510542940269 0.4734234088828504 0.10959962531763456 0.9640478826830629 21472
59984 15177 0.2311496635353366 0.6374407397268462 0.6424231384971039 0.30894504861770844 98210
65293 37891 0.25302823371988603 0.013105310591440378 0.7246742380730119 0.4896888349635239 10229
23945 80375 0.8314154123336973 0.9515721066992047 0.6687779343872514 0.8493120940456969 21030
23263 92054 0.0351973748991431 0.3274496461139148 0.9301873508188025 0.4303326479350905 56337
29062 1702 0.9659318866943897 0.7372361477370908 0.5200944344510674 0.7979971409621122 60891
26676 18142 0.23575313767403827 0.021058768783534743 0.9017173476936059 0.8586901159630369 12947
74343 33720 0.8123884191590851 0.7120570709327161 0.5049456117097791 0.5751507836231481 14583
72240 74069 0.2730546037732724 0.07822820563951527 0.893834335585592 0.1621943546594513 28029
76100 3490 0.9516876355156456 0.7999441729026895 0.3878543560023704 0.461597774585483 40161
40791 40943 0.6166975621444616 0.9859043039983542 0.9520632570998424 0.03855821984373076 67310
58316 19476 0.8399625432012617 0.9780967437045874 0.4592026935294802 0.07794391460292216 63181
32190 73153 0.7985642651340901 0.8392779294904489 0.6263205432136383 0.367485243594574 77628
32856 28799 0.282534973199014 0.12849366486943603 0.3944272639952383 0.8321725963499247 54718
32054 20375 0.5560082213008757 0.9882012419490481 0.05760637154452897 0.7510901909278584 51893
72893 13850 0.37752280828407525 0.7598032354477303 0.47111948343633436 0.057923064889346065 33496
59422 68566 0.6657812029242035 0.6931326641023865 0.6525949470470126 0.9634025344675063 7107
24023 81713 0.9347121487274916 0.8420301770376643 0.6713211596085947 0.8590422694521808 60724
37097 94229 0.8198609627266056 0.8838276160253287 0.9905426632984584 0.7441564486799107 9800
54271 18229 0.7581397228496046 0.19426163309408873 0.817874910539931 0.40101252400716314 27511
1294 82185 0.8102827728450455 0.09762863098160146 0.6181146667603171 0.846941335441438 85064
431 26008 0.47172516286643174 0.8422720348598453 0.40350559082912607 0.6638826132932559 28544
31304 81998 0.12219079127358634 0.0196045381019041 0.8031155352641182 0.7501867077966919 28880
24617 96984 0.6228916720182095 0.50589318182852 0.6228739303775171 0.4501638482084339 26469
22004 27302 0.5775912447608644 0.8834024039072423 0.06902547173106244 0.03150955786297538 90204
32030 40969 0.3819984819956007 0.027728413652483463 0.5032071010037577 0.8628222420487486 8560
85425 14994 0.584285658316259 0.7954965753858474 0.9852762285803232 0.9727545827984473 37976
62522 49202 0.453357770092662 0.2442607748113127 0.931502705448075 0.33644775357031176 9481
25320 64734 0.21575854889801083 0.6019818797787136 0.8043252488508803 0.09066078559790669 95642
35284 71666 0.4755539981420065 0.3544591657778162 0.7554040737754386 0.8481686784832617 82572
59949 72697 0.26543085151398393 0.7453918929442909 0.6026621351741355 0.8422136303732717 72512
2861 69755 0.34833118545984876 0.9883706297660603 0.5320034020865851 0.6442528538866105 55294
34888 55958 0.568477633871149 0.4722271347532939 0.12076390107086676 0.4469009211410936 21106
13595 88097 0.26366644343321377 0.44948865367164803 0.15909542017342693 0.6689773600968351 87817
77109 19588 0.5872649626652129 0.9050280024833796 0.9192927235359328 0.9347014740002051 46148
33393 3562 0.8663694428373593 0.443082645736682 0.17021764828801 0.5494951697500687 61950
86140 4144 0.1033469075560034 0.24487395642895682 0.6156622639182248 0.4377040171204366 80916
35076 6630 0.6349232758510188 0.7058093589617884 0.601225989216145 0.5475094977009369 82893
30008 87573 0.6420633800141651 0.9184975688863394 0.05511265295271395 0.3114877452834889 87712
95639 16767 0.3100741384909673 0.12024247840317304 0.17521131910731425 0.7311154210833231 38568
68167 85900 0.7561891623966371 0.38687109002437636 0.22564497984655418 0.4779504749187973 90202
28321 1140 0.0555965612131073 0.1820172407985673 0.4844157121617606 0.9197574282085681 63666
66554 58216 0.8614828175613093 0.9790820491449684 0.18184826290538758 0.6230538325356665 54291
97432 94161 0.5043652820304808 0.5940808537701007 0.5386500491464751 0.951136507210397 98696
29927 55580 0.8243569989065278 0.7852846104535067 0.3870874371293085 0.8452850516301871 80764
35337 32318 0.685567358964289 0.7718573475831955 0.0971383417263233 0.6684794466167974 5725
90413 69796 0.9237896866331572 0.46731326610801516 0.21582366004146314 0.21944609632090384 14686
54612 28811 0.9822148080898224 0.5861833316170552 0.5025002003228147 0.10948266514917182 18923
421 93049 0.4328439060346607 0.9386741672520328 0.8230388474504549 0.6315788113844951 82811
62750 41704 0.2554397011566426 0.38306336612212866 0.4109821308156747 0.5387991281780125 5898
28642 59299 0.5881802419013893 0.260397627102676 0.20181815980129525 0.4594168997721383 33463
4707 21576 0.924445879420842 0.9995791218658608 0.19892328545669302 0.26701172024761455 98305
47925 51571 0.3909113059098187 0.3719009232834798 0.5626517417063093 0.40940055244360296 42850
55771 23544 0.46517105655505453 0.8699750507794928 0.1997112102705223 0.014929104328806675 73633
77527 23961 0.2290593899332467 0.9074804883256676 0.45433092253572915 0.25889182505917263 91326
98630 90535 0.32492869303798455 0.7861620520778639 0.9563823082388727 0.7987219555640199 67328
26798 92147 0.5498594211698773 0.7297652900381044 0.8645466981697578 0.6887440693268534 48332
46196 4102 0.6827709822088703 0.08704088058851722 0.4894657861650339 0.005368383041858382 84239
56961 13029 0.08916793515025079 0.29668970741265455 0.7729386748661133 0.764339295471693 70281
92538 13254 0.4945135998378677 0.321778075760627 0.6505616522711867 0.09909601629137521 53577
72992 892 0.5445406515063861 0.39998229018088993 0.1338613515856134 0.44930962428742227 18756
83181 37078 0.579734493413408 0.4315720317096884 0.0761089039081232 0.1988490840479823 98842
52402 18224 0.2378333385113709 0.13275391334568132 0.44427655815089806 0.8247435036064037 50019
18791 38094 0.8072542543468649 0.1348992593756082 0.7010610667527235 0.9380139346693411 48379
70873 44429 0.21968313885340207 0.5106276194324958 0.23884119558738492 0.18851486728640987 11206
19203 51461 0.3166202424108775 0.3053870101709588 0.9704245808117622 0.49871818615961616 51286
57736 91320 0.7363948851802521 0.597984491895091 0.6617956669071975 0.4129074514153078 7167
47834 31590 0.2458882887121524 0.9954110487368785 0.4681000538298875 0.934748384362806 65267
57757 46774 0.9453681463692988 0.32599633734515276 0.2498830565482889 0.9052833945283444 70569
16274 22744 0.8258118880280979 0.5367468360164889 0.4688327342580031 0.06936925303191765 79679
15393 40187 0.3284825396809098 0.03199726429275418 0.6330229648159561 0.5239302421125401 82570
45463 89031 0.2103993923177353 0.6286613843973171 0.9617902785343349 0.9371006242408099 81723
19925 69568 0.18050369323460203 0.04747087112058579 0.35763945487274273 0.9342538551558919 42156
16298 26488 0.10613797540828962 0.20264389589832044 0.3227490769472896 0.7839426584753684 59184
13370 92510 0.9773510998186603 0.8910671577998945 0.21217180863219776 0.6194210133458352 54562
52153 92942 0.6485778082313389 0.659488197860821 0.040100296090114895 0.5270280617877937 34162
85036 36355 0.6133535314871272 0.25788901506207684 0.5503031107693929 0.26970139121009074 20897
13629 75138 0.9937830860608304 0.8823920595277404 0.6140817812902627 0.9488567934977425 75849
8210 16059 0.37699623764090406 0.8443511894788142 0.36058960007117835 0.05159949426266519 68526
56341 99604 0.9005901697104363 0.8720294439183447 0.5035340231069403 0.4757078056639129 38287
54846 70362 0.31643816625510923 0.7283564366968527 0.9359847003635402 0.05124480968095313 75079
35643 48169 0.0018982762650778806 0.6952732765822005 0.7096124346218211 0.35048134717011215 72093
55944 23680 0.7548072204841662 0.8493290631386349 0.11342270696386825 0.7823807812753683 65381
35026 61986 0.8853033354455945 0.2753983213342084 0.9152124302401009 0.5522051055872306 26006
60979 89411 0.6898686069925147 0.8151871160644565 0.14112699932593842 0.5824299483627743 74163
41933 39576 0.47084141896598375 0.056720324340103545 0.8840196772857687 0.7886095767107903 38104
49471 56198 0.3245457828173888 0.2910132235164191 0.08272882602577358 0.48986239848340174 64793
70158 19066 0.6152959772155195 0.7705170714446059 0.43352885196182933 0.11254970891965388 3784
72166 60449 0.6566975051194727 0.03870554967088191 0.5900008734155305 0.03098697742594725 88622
72641 70127 0.015104615148379241 0.138754280193375 0.30764724263862797 0.3130998907069956 80348
64160 62307 0.5833746806429267 0.517553720691146 0.5240821909801866 0.4456467442376666 31894
9251 22851 0.19349961026007167 0.6179390584318208 0.0678946054886338 0.41504698685034414 63301
58215 16161 0.2594548897816913 0.21900239151454526 0.7404345573923182 0.7174973242971141 57436
47084 39307 0.5564704881533483 0.38388367675852697 0.7581777682956234 0.568006420854852 92431
82602 62109 0.22199297761898296 0.0001302745497760993 0.9888650297626103 0.6758401166320973 44668
74493 37834 0.27679941755706094 0.8503976776767639 0.2753609379658145 0.6272351156735586 15935
18576 30413 0.9539564638993278 0.026786814725686336 0.7463865193715685 0.8548357827214542 92327
9445 30440 0.8564927416049773 0.3817054912185751 0.5187118116072843 0.3173339552478548 10042
46784 87632 0.13779722491250357 0.8131030220448434 0.7515808645032572 0.5962148579205123 57783
9009 2695 0.13904980789108923 0.9907704297332106 0.824705820145722 0.9388709618200355 53263
4087 35680 0.049380017733238635 0.9799664917143244 0.8339411409875372 0.7431152942088506 14828
29929 79882 0.4125911434896694 0.14020260163877607 0.33274511016911756 0.29533572761124094 78320
8950 83349 0.2524274156149787 0.38579510758582647 0.23262474044948922 0.3570443505721751 47279
77749 57330 0.39189389400141394 0.5813736806435049 0.885085010303401 0.7634085307984321 68257
89935 98157 0.6992961153093986 0.776015247396617 0.6698977373245345 0.053471767611637966 9278
99953 71609 0.47354163439552266 0.4431165078253545 0.9200589133188317 0.4673142683258229 96724
75913 18488 0.9940483180984369 0.7028885665825355 0.26927687556261515 0.3172759351729425 3750
10171 31580 0.4404347266203765 0.34095129116908995 0.5743631317928793 0.10942811588818302 51507
68730 69700 0.41055471141988253 0.14576984192340448 0.8635969503132016 0.6428648173644835 23194
97248 44497 0.5758528981620519 0.7880134704843714 0.4797072887593359 0.4867741982430147 82840
68933 73007 0.8656770267904654 0.3344299350073887 0.9902772242426727 0.4300365223956897 7398
8572 86379 0.4227175387819304 0.12386445551039293 0.3971322394945922 0.16572685528517628 87328
53846 93013 0.7670811304901367 0.6911307025472552 0.9242808030300885 0.3452884897528756 90619
48131 12757 0.0929729731879585 0.7169733366992603 0.5648075156777591 0.29091979362333964 50905
44099 68753 0.9371343654350373 0.33774785457089906 0.4618243826769909 0.24161524003487556 92070
4635 62108 0.38864905675018036 0.8208282075778672 0.6811506533752271 0.9518586141110326 16341
47198 24408 0.8047534653382907 0.5808998619248107 0.5487126746182063 0.9207104099665437 48206
19025 66989 0.08671774010529953 0.009603281968037392 0.604926188990167 0.4162582807368508 84708
56708 81259 0.4248967712023727 0.45212173067339056 0.9971203487960766 0.5179796026016857 45615
75313 19863 0.31154634989463237 0.23956370949369 0.2997328834954328 0.12241801139964004 57458
96340 39309 0.0031679581127374012 0.5784527058699079 0.17181424782140164 0.16038112835370066 43965
37549 94274 0.2637859211536191 0.47348046693430246 0.2024287291965543 0.6370447642983423 84821
77391 2674 0.21169994711354057 0.17729034742270522 0.1270740310096855 0.7869521133302453 83213
43851 62740 0.4390793340995751 0.4602610225566127 0.5995869336591915 0.7973298562199761 30786
31163 34805 0.013762643549737996 0.543743602214625 0.9982403425911267 0.4273014199290307 37602
2981 6787 0.871722480481944 0.3467791993070257 0.9250771772469114 0.6552886844246835 12700
5021 20796 0.028465392532202816 0.6533241964264124 0.9043807074701445 0.6160006474264809 21181
30827 2937 0.5554835537725575 0.6599180469481328 0.34158964819401405 0.46265056804959437 68232
96242 36248 0.8593996985368529 0.040208215704097716 0.17884019600769951 0.5417688611103976 23100
49638 87874 0.32853761133873316 0.8379776494623228 0.7682162221836856 0.690971076990766 81899
35358 61556 0.7096841254945413 0.6577048060188349 0.7906371358459064 0.4005161186499384 93892
13819 53748 0.6212103044549999 0.33366627499717116 0.6549615112907171 0.6120628713126417 43677
90815 65227 0.7436146195753601 0.9239770131082963 0.06837584375128747 0.06015996693554182 98359
33402 17589 0.7428241024476528 0.8947507503756182 0.20654298484000133 0.8870194835050145 48540
54002 2413 0.5169625869959574 0.3153162616040939 0.44393621644547876 0.7462869177040197 20011
71071 58334 0.8936484081932722 0.5359909456514422 0.7402079978620844 0.5815904177519747 21320
52380 46506 0.42458097465525313 0.45553330962233585 0.7034751906414752 0.12669693592776077 1525
70038 59019 0.8458052897923274 0.16273008805421796 0.07105788263704205 0.7716962795648538 60181
23307 52838 0.7375200056379762 0.2479116632376679 0.7629828264785273 0.31617525079271136 30779
75412 18815 0.10752260215856169 0.9492942881190832 0.3150440499223348 0.07514836728460428 34903
69284 87374 0.1631080281491437 0.5329182204482046 0.509930670093535 0.5321700251822515 43316
10344 793 0.9327704039902407 0.5427862286449914 0.8430504822213186 0.336862633730039 55654
21888 36630 0.4390452802344863 0.24467713652591494 0.06610406600768493 0.9488582079867413 73682
95983 52668 0.8250408876779306 0.8020931917321006 0.22777560382683604 0.768391203593169 84046
72665 2919 0.644083887446191 0.8328395803618883 0.7873622462001351 0.19074531907654568 61944
81771 12682 0.46267713408339306 0.4629738826221299 0.2085458247473746 0.8834407802653885 7491
66190 87958 0.14734343112502368 0.9680743429108694 0.42436525331968944 0.6007893054985521 809
90151 92617 0.19687430380736015 0.42494323436910086 0.1647591621402853 0.6664221222400813 57646
44755 31792 0.44866113356821624 0.6846616625106554 0.0587723175606486 0.5261611991247471 51028
98678 38842 0.6169962188188273 0.1312685133081407 0.8435558838434064 0.2506540314211828 1203
53822 3531 0.8300408543343977 0.7350226425946189 0.008305463437019212 0.09454159405496387 6715
52387 70313 0.9237052938272263 0.1533130511803078 0.17143690007329127 0.32919466497627703 4761
49051 62620 0.8778950040844633 0.058631207678160324 0.5348257995174378 0.776225556264151 57239
21230 17395 0.6532693463441325 0.39161068971741664 0.27781600622442426 0.3660375215450815 79539
573 5719 0.7226867338160611 0.23528109461231705 0.2972814818189793 0.027362662168632035 31189
12658 36476 0.22781598328380392 0.03891708579680975 0.8711993565072792 0.2255006289214635 59683
12057 19008 0.2613821795129446 0.9907471287655709 0.3310386683786649 0.0593809822016641 85927
8439 13012 0.5625804317070572 0.8571877205092963 0.8810738669310254 0.005157640369655936 51410
57657 56578 0.5501527882480487 0.873135447803257 0.31999963256643627 0.941891317889262 19978
83778 61985 0.058244228953121424 0.9613262336007092 0.37367048412720594 0.4312674437838707 27618
93329 74804 0.643118356164574 0.5808932914254452 0.16420025010458994 0.7186188011465976 81707
58013 2064 0.5898049239145864 0.3099810347505957 0.17401532095887517 0.820683653157299 38407
67310 21942 0.9610489765014906 0.10644383630543053 0.12764183581126265 0.882055281086353 47629
4636 44934 0.03624158979037484 0.6045771127097952 0.05569413777334631 0.16673336649300619 84681
89699 97601 0.08143295273955553 0.14277004522691028 0.812753525883599 0.948434738168489 17503
4225 68437 0.12442176860601306 0.6075212800604428 0.7330530596165555 0.36897347619744336 24655
20996 88186 0.6235833626649672 0.5408239944965868 0.8690014917344115 0.9903588572884952 68549
67491 11494 0.2692759617125411 0.6460030941183286 0.6779968056880094 0.3590795329955656 7068
76357 7342 0.6379117472687622 0.01791864053340486 0.8536078652598558 0.4759432540627605 14834
35000 22686 0.6937856368083627 0.09926299875766564 0.707151374391605 0.05924611816443848 14192
48560 90994 0.7302739871619374 0.7182749515705987 0.963899670082183 0.4044599695517552 85572
65142 93565 0.8233751168522757 0.7939829325805907 0.29296083508282544 0.3979339733805748 35953
25504 36399 0.5353442570699796 0.7746003292718509 0.3225586511899593 0.03016986297379809 16663
69346 65916 0.49857041862742335 0.7530807905779239 0.7992462896748882 0.9529722740100842 28279
44998 40134 0.5742035657074072 0.13029841735223746 0.5188988645632229 0.683636647332287 10291
33554 46703 0.8513025027406154 0.17638263462468684 0.03612665470140519 0.903862714091566 98901
3362 76391 0.17595911093298144 0.40699488023366226 0.7753526139289079 0.4252204571974765 56625
2410 71701 0.5184082177399255 0.20011833919568744 0.7138959734738262 0.4686269829801699 84880
68489 21629 0.14027890745122928 0.8993457950776591 0.6013250943897062 0.2019074479064813 99008
69090 98628 0.1258988885333029 0.3992537887951956 0.019572155300991878 0.44233872478294023 24810
74312 1666 0.13231044269521786 0.22788544368431451 0.13839533072473142 0.37668278330454497 22279
88582 46158 0.9885851915563489 0.2445119861397731 0.8477543469475115 0.6273196749359087 89512
71874 56764 0.8147662893966969 0.12268717969989051 0.6281007405335676 0.501234464894932 86614
1210 72815 0.3325791100147403 0.44650375509520757 0.594923560267032 0.37228987306522177 75798
59592 86015 0.5008419113209156 0.9982062573858381 0.15007452991573478 0.5672632628623369 95957
75870 70206 0.22827419036543362 0.6424072937426721 0.20263869174056537 0.779451726733412 23399
5174 96080 0.8350467985292422 0.8262592053856869 0.729615191274362 0.47401626083198123 93173
36584 19888 0.3933026300823216 0.2405363255499382 0.5368790582298838 0.3844717568012701 8579
96360 10331 0.6924291132947978 0.3523574204613932 0.9135532920546071 0.7859229317183051 18291
27540 4929 0.23545664825700552 0.7191831505058445 0.40635526928871935 0.4872268664046773 74569
58718 8060 0.26509340347976684 0.6942245886736028 0.5586502973963593 0.9639633126498197 61383
67318 71682 0.7945834328232839 0.5225323483935375 0.4113852124147904 0.20475113764126052 63029
50201 54609 0.5735803070010761 0.6235660314121332 0.3634416760403171 0.5382311943214826 48280
49623 28948 0.5273680585323313 0.7100740579104008 0.8248028712055472 0.36873530376498564 90450
37246 78583 0.7851900918346001 0.5730944634591977 0.982003110784881 0.15924105402805433 1278
16470 13993 0.3240169181674355 0.011419421569209831 0.002567890984070842 0.5233121333647637 20493
47195 48143 0.2679254652718397 0.5030002345974496 0.052874409161088876 0.810089220979324 48581
7534 75323 0.7759512624673501 0.5186707590937576 0.7056206188180952 0.9939474551920409 55642
81358 9375 0.3228098859259334 0.481017689344746 0.36776933474092777 0.5700831585902092 45757
97318 93012 0.9507439525523353 0.03287312664438102 0.9048579322055101 0.25195854479211466 61830
22051 21842 0.6149217432392156 0.854834208106639 0.2759695549243232 0.5537167326624202 98109
75295 90122 0.47921583115586996 0.5011087602932529 0.06552693412822708 0.6480685385633685 51018
81347 51825 0.9489575664237203 0.8429813118289375 0.6436173762196297 0.6489291284850354 70708
12898 91935 0.9774587192687033 0.2630011123330982 0.12975017178336135 0.9457208824771108 79542
34470 21543 0.08884186458914833 0.9079704669138592 0.16470761607469264 0.16619412578724957 14661
76401 27493 0.37259720457995904 0.17819020927498708 0.0875866730273297 0.07511192896013263 95854
11177 82743 0.2793852086577838 0.1420389092798635 0.0034485038838980575 0.9822698859680948 2903
30839 25159 0.5632828696937682 0.8668730531488968 0.26387964812786435 0.6627774477800014 90819
20567 7519 0.9698051381834817 0.0818137900644732 0.8972981876204331 0.19509277470065767 95776
17471 50147 0.7009065021797929 0.19409962955586946 0.12381155527413978 0.5614628432198439 9669
93458 52260 0.13301523647613012 0.9815830112011157 0.08266397986554419 0.3204888816772876 16340
93465 24648 0.08878599946106636 0.18949001048727288 0.4164350187550053 0.5219599213998823 8769
41154 26533 0.33334411374703465 0.8806737472869712 0.39285721472371593 0.2867645614988814 44542
56637 86751 0.95806721677698 0.5409159112396764 0.927726866426653 0.5936271478511469 64183
35565 45006 0.6226855060027293 0.6056362593461437 0.044737590300827246 0.9377004711041769 91617
7348 83209 0.773115298943855 0.44695278268201455 0.9305352799118081 0.3086888070322573 22012
39501 61241 0.6402937212743137 0.2787067892185392 0.5415333645927639 0.11235562414648315 42457
63396 55521 0.639246480446503 0.5540875333521618 0.6269209152420268 0.5644085177181994 81993
74772 24749 0.8450377113121663 0.02635825225390831 0.9809970900661855 0.2768556649862771 43266
83473 90897 0.2818619888756928 0.7509118344251569 0.5976850661206166 0.3503293042548733 72353
71271 85233 0.38880454806396314 0.4010563405907368 0.07905190317139976 0.17826019747972177 43144
56003 60597 0.057219323809199585 0.3465553640601561 0.5491494445200841 0.14916769038136912 60710
19606 54838 0.585731997669574 0.5367790569944043 0.4138497143747356 0.29258898682628787 79415
2724 81267 0.1460594142402869 0.34880413940962396 0.7961590106373622 0.6297180560696144 29099
71304 50856 0.233118185168953 0.9709992341485074 0.5445855915997367 0.1647415983159437 70013
14998 19781 0.10817410624221502 0.16329608232865622 0.08662453298513706 0.0021695980122210523 42333
89611 16866 0.7445227131201464 0.7225849647364165 0.32772702983602964 0.4923242344155403 72199
97253 61300 0.020133780251713973 0.6957700956044366 0.4406228686061051 0.11478576697468557 25106
3001 75815 0.40212386577642056 0.45803760820073747 0.40092628097796557 0.27142698352696193 16078
80809 83306 0.3223020917299477 0.2555705302543352 0.14600312403709514 0.7983794217176164 10436
69192 6938 0.9769675146482578 0.7882973958444266 0.7625325092476665 0.7777459636442621 4054
18422 64239 0.7398717190402346 0.67114485591991 0.8919268246304117 0.10113988171202626 17444
52810 38767 0.280961447766096 0.4528735622406588 0.92649246480256 0.7476384245098888 75340
25187 68614 0.6823054845961547 0.5468772457914693 0.8731443557570808 0.3988453912804425 62779
37095 71535 0.13051042691589587 0.5331355935337366 0.964220541462956 0.1457500921315511 42091
80387 53984 0.7749219130846612 0.26910990832795245 0.6227593185869484 0.0008559143123026969 14051
21461 74012 0.16470921085585277 0.46419029165590264 0.3014470070020341 0.24823271565177119 99059
89583 36838 0.8265876836688212 0.20497080554484037 0.11376766299012875 0.9722941645330438 42348
55868 60850 0.24901292955282628 0.1300663129099221 0.14147306447591945 0.14011305965168241 18455
6696 32905 0.5265599682792071 0.2882752681836135 0.5969750163218213 0.32770096046689745 30028
58670 56202 0.9692444569767279 0.0797794582769411 0.9784234881166324 0.7269554029319025 83489
14566 67892 0.8929322694702052 0.8359664444744586 0.5955714600848845 0.28450164678748513 2125
43067 55740 0.18513149820714236 0.9915661957374219 0.004652620045275113 0.8647757122547431 55737
96838 75546 0.5709288998059721 0.9675939299402355 0.9776315777017728 0.9636592987658742 67006
94147 25958 0.7146115385253339 0.8457903923287575 0.8199268159062866 0.7704504297733482 56445
17822 26902 0.1961379925025455 0.938379841500745 0.3424908720357088 0.8982059764002538 9859
20682 92917 0.6115010956862842 0.5143699898347263 0.11831361315261513 0.5480919523023754 79978
91433 38909 0.5558359029206583 0.9778409740497697 0.8956033447509271 0.7214294086197212 87357
22223 73890 0.32234943835530894 0.664254775044517 0.8371659314202677 0.6674350174878364 72591
43774 94713 0.3900724221753815 0.8056255324696823 0.4059658916924733 0.8059445363842178 30118
57971 4604 0.015712984415079623 0.7079114927458292 0.012525250079532424 0.2662179599420541 77312
14556 27591 0.807276469238582 0.9975391592449157 0.5235685753386373 0.2999972930849941 47576
46629 21863 0.46426868341945216 0.0821976313576368 0.6190456126888966 0.860696373911926 38662
5390 10543 0.8916540912000862 0.38716029474991465 0.9742062081017404 0.781117168881071 40881
41803 36234 0.6186296233076201 0.5182873686173161 0.458744655637096 0.23001767130733897 20531
13170 18487 0.15361517545647851 0.5694848687935217 0.6467627594190986 0.5572124124842086 21306
76352 26009 0.20272956859017577 0.5946207132857241 0.22735897230837188 0.7794432885183415 72916
85104 64742 0.7259488517190628 0.8007274164149069 0.8236034492648524 0.9458448105389993 21091
37067 83516 0.4903418846059231 0.24812444542631062 0.37315437494392545 0.24591637451952064 5079
9316 81441 0.8556470337986158 0.6002456005645784 0.17799043333470832 0.8887748183304459 98439
52738 68545 0.7957545821026221 0.37777934905497546 0.7349161522833865 0.6013301839765732 9959
35496 79652 0.8493441835340099 0.8935285684922541 0.7447593257381228 0.24654300935597273 93516
65039 3204 0.7343218332832621 0.9376556336520728 0.04693708108995609 0.8683425825348 92617
19301 3750 0.7479575074380149 0.8461050115950113 0.21652051649315296 0.24008394229541818 61818
52597 25990 0.007938423329955091 0.03982689824067376 0.01660839282329718 0.9323385668806285 66640
84190 66230 0.30282462753156436 0.15002122682018815 0.5693313615495197 0.4297823141176682 26400
16067 56221 0.7096634246716035 0.9134621083303996 0.09838966242420588 0.606571022702301 10653
29274 41591 0.4022727708913513 0.6274116435514352 0.11588735464896571 0.2666170311598669 31567
34974 40145 0.38873092148724986 0.40176504815940706 0.735422013146511 0.08416747417290316 94884
89949 69495 0.8557068559503691 0.7492830348734344 0.803319150580681 0.1568839820063651 61706
84795 16014 0.8814521022025227 0.5827470572551123 0.5532544478441924 0.644124190924525 42977
8961 49018 0.6665361193513152 0.06300452731122808 0.9204829572807435 0.8257802364048041 66874
35066 11362 0.5345580467343563 0.24699356380272386 0.9103585411713921 0.12747849488608953 37936
44724 87080 0.5771745276979208 0.7954398092403772 0.4289010235909215 0.15023636121509587 94297
72667 74543 0.6135734209979969 0.07043241216081475 0.527643850785612 0.5309211738862304 28304
83299 25893 0.4265786942224242 0.5138554884506238 0.04561308712993295 0.6286911636116123 6092
67055 64447 0.5293723473980271 0.20365936349489533 0.8034818874635834 0.7252054765290329 61337
63284 29008 0.9131486291945005 0.7788975725294082 0.667618412924503 0.030333539078201466 94235
15788 64463 0.11770549296039257 0.25737261189987604 0.9692138052553355 0.6302811170282331 6564
86791 98459 0.4897027711048515 0.5823492544854586 0.4417259653279868 0.5604994201994118 46541
88966 9200 0.6134856079170685 0.02214233319294201 0.35630312656402496 0.28170145246232603 22726
7580 7900 0.4664740901837169 0.7964075351129933 0.7612670169265662 0.9006456483560881 17834
59516 675 0.6761480315356544 0.8943882636658705 0.5387741403079372 0.9200146228060168 46492
81358 64056 0.49468143725808056 0.34460278927252475 0.09790378173495207 0.9183735307236548 42868
5929 54837 0.9372684549529381 0.004904934276637296 0.22219702637374572 0.9950945394783921 71754
34020 65773 0.0762009914078694 0.34059611812651147 0.5712054349454685 0.6700779663210469 12745
77183 81101 0.17214210977261224 0.28914918332319794 0.48609003285101005 0.43335777558898236 83899
70628 36148 0.48434470181916367 0.3282486581961984 0.6280079694545639 0.7546151775337676 53940
11707 17682 0.6277540846963139 0.9267345674258298 0.2258285252449318 0.918126431723821 23378
50266 81539 0.7873432840703952 0.6571147585048374 0.2101910645567998 0.13196432270579295 60648
66036 77834 0.8270257077178421 0.48291481308876527 0.3447602048051829 0.23934725836516202 65846
67426 94239 0.20343083692831243 0.9254936807436845 0.9651310563970353 0.8592984374467662 13818
12412 24127 0.687932773676752 0.670097601156556 0.3814226406992398 0.9474106021836181 32178
57023 18016 0.5989979132201747 0.4567856335482088 0.348255618230518 0.8064272006637262 26653
68058 93569 0.7350690946136091 0.325514173844487 0.41256589651511977 0.27671215323339804 95349
26733 22297 0.8651532699413784 0.4358768479108661 0.3229058165044302 0.14994361294952485 48267
42323 11498 0.34781141249695413 0.8684122796250525 0.9553745253207533 0.09667992492834776 87110
65423 77872 0.6266360086775945 0.7536181161763181 0.07875693202399103 0.37907834576732446 65187
78239 15272 0.34452572126050407 0.6596381630636259 0.6341212879095532 0.12162844976943987 16123
37996 38990 0.9692595359102725 0.27308025395069857 0.3607999719473257 0.27569160693403516 40238
82902 93445 0.25205090383157547 0.8312967885946603 0.459264345398548 0.3069278881685745 22388
32217 87501 0.7236221364665278 0.5848225958774987 0.35793521402623873 0.4509124902336523 93193
69477 86235 0.5223392855281357 0.9786699554844482 0.9433226484023576 0.6868323826736745 86408
13034 82281 0.4328592723544372 0.7703385588502708 0.9660769366583261 0.15090028006247214 51607
16810 24068 0.7587022813380888 0.35926223756717424 0.578221082690075 0.1796371592035706 87830
82797 25733 0.7832546819874344 0.6637081326478398 0.9682912254953685 0.5510946432144466 89981
97235 58023 0.7020040841025397 0.49115764863119304 0.10485657854756347 0.391676884564814 45973
33631 89314 0.6251988993846271 0.5082872825416054 0.9831545035213569 0.9180748869356742 29017
93072 63888 0.3104728588803537 0.9944777353882955 0.0013224881520847998 0.13660885560536395 8549
57704 70626 0.5977400715504989 0.11838944603617774 0.3854364034641383 0.44243119932874597 22324
46612 69903 0.5370993720339711 0.15261294505205025 0.44148696835993173 0.03325612664304389 4599
99140 6018 0.7537302048344402 0.5668934208588047 0.06660399448788201 0.22782962924280203 35887
54109 73721 0.645089556886366 0.3801644238872397 0.615332512327068 0.08115311800406455 86738
49769 63957 0.1277391134386684 0.07373506057693247 0.1510126379117368 0.4593083064685737 348
46389 54663 0.9432652297528548 0.9852230990366968 0.9375597328197917 0.1346439313078981 2140
5639 35797 0.398881143271819 0.15673189834053947 0.5255374869465388 0.7962166142209454 10834
42185 94688 0.9006503747922043 0.2679026549664545 0.7768118012853537 0.19933624719558185 90416
83846 16271 0.4372253836708325 0.5749947624503654 0.49736921989707417 0.8636150572651364 47873
62985 96275 0.4385983364686622 0.04289923931648554 0.9821352972508511 0.37156435499445517 84139
59420 31384 0.3112722792294359 0.012825979984879443 0.6331391253347304 0.810073776657068 62454
41887 17855 0.2543891423442658 0.6218006689243769 0.0035009611166969545 0.7962436105099786 80894
33843 6030 0.8724349602924549 0.4440352550048934 0.8938146379227326 0.09461474621034582 19951
94229 53289 0.9553166690968721 0.07094435129086518 0.9184818158427673 0.8714928037870371 50456
16176 61409 0.6681535279150989 0.9926232499341993 0.49534518736455124 0.5397877522463973 4505
49858 96301 0.44481599820435214 0.43437918970221123 0.41664055304299075 0.16000344886199502 8903
66359 31389 0.5633025796643499 0.7417337724224035 0.7325227664562305 0.9732782905257008 74212
5704 10047 0.9947839713573253 0.4741926410878201 0.45878833557476884 0.23149953190584327 70463
74294 74636 0.9121683939578498 0.603899346791405 0.131857543399181 0.4699114002612935 34711
44964 22558 0.4436639433880225 0.974705937855967 0.44550398832061877 0.37864952971072896 40888
68850 99232 0.42955033516945396 0.9953395703424035 0.2931337440500065 0.7792240415426994 38767
36803 36603 0.20027179723259825 0.8166152343651536 0.05243584922389821 0.4996019074986785 18969
49240 96881 0.1962048602984352 0.6965146449402203 0.5520273972733329 0.664212647387871 24070
43608 41503 0.992074223503806 0.09057149741603066 0.5038550900272484 0.519379581823894 86169
22454 68700 0.9366306281851389 0.18384836956542971 0.2771696707757918 0.647205595585502 47672
22167 54914 0.22739300857805755 0.2535455118550235 0.2154451781342821 0.6964892586050642 36371
71986 45201 0.017821030350082978 0.6897675141547688 0.35625373730553134 0.17401270243455047 64732
87336 86732 0.37800480253461965 0.04478382291442917 0.1330074175303848 0.8716715064021479 46265
73961 23511 0.8185148243647148 0.9901873202718949 0.5877637960541064 0.04077797749815759 34241
31894 69951 0.9434580615269117 0.8440693063610566 0.9839859473409127 0.6227616722044674 39782
8214 480 0.3830533389802492 0.9200480930914181 0.4225790310365217 0.13891365267319922 11506
4212 34659 0.5769859819489548 0.42076949244454376 0.33335050923508236 0.6503852208476174 32434
61603 83177 0.5523832663128857 0.15231215980015933 0.8945560439243361 0.15926707597206546 10865
85763 13920 0.07708228245963633 0.7947667912639257 0.6265970934569433 0.6436274481773808 46003
6710 53914 0.8344280786173875 0.49176536449332453 0.9260241035198824 0.520829140095651 74329
16939 71093 0.002160814772884434 0.42049569629721895 0.431138286676483 0.23368992978227632 32833
69141 65143 0.62828398319807 0.2552433500265209 0.32696089495664704 0.7151282377346037 12665
71188 90411 0.057782014004292614 0.20763504462101556 0.5788630775237696 0.9758877874779177 82456
42329 95133 0.3113722662379206 0.518398072592605 0.3052425524415132 0.7351998338688877 31817
31192 67772 0.08948047106810886 0.23078372946318515 0.8928070782636971 0.2809611396919901 71050
3322 38069 0.6304761025856648 0.4811332943032878 0.14503674513640885 0.9981351479220687 33782
37550 23395 0.5905024695982347 0.9600132805033764 0.4457498503006021 0.25548965873455665 99176
20869 5858 0.18216463656772797 0.5079320337138427 0.9607692745454909 0.5350377393227421 30630
99393 21121 0.65381112941712 0.15942295143853547 0.3735776920865793 0.18822728277254897 6211
34398 55546 0.9598633147576625 0.02613432114689318 0.7078462347923844 0.2869062793240923 5577
97322 36038 0.9089484118971943 0.15801059356256064 0.7805405487387062 0.6501226266214599 53220
69965 94852 0.38149838291851657 0.005971241888275691 0.7496764403799662 0.6246456019117262 71755
8580 94099 0.11839395142556941 0.2908116545518906 0.12813906772401518 0.18883634117346748 88166
6806 76780 0.012555115739813383 0.5438494172273344 0.9103211143453841 0.5153819863037954 32022
85637 20444 0.5913308502151309 0.9954464335174502 0.12791525562086525 0.4175715763065385 14075
51250 66469 0.3754485291262286 0.15048262852838068 0.4168110449683161 0.7187262648360366 88125
77860 8557 0.18899095604963878 0.9711271326959716 0.2772009998551993 0.5538841837808908 38678
82718 12715 0.0056492751931541685 0.5015004039462376 0.39131399678760004 0.5818183324906219 84271
83714 27771 0.7981815768231745 0.772022414408047 0.08370866380423736 0.4490738976386969 7066
13094 20787 0.39040931189884953 0.4145198093065229 0.02636385534363428 0.8830746294760681 8365
55901 48576 0.9264924683698682 0.8215532189321434 0.048499867939800545 0.2854594731831738 86456
93472 9233 0.19225740804933633 0.9215369103439175 0.42121355995822596 0.6486189127855471 42423
22505 64822 0.5454683822773377 0.010578735699291242 0.00909684401963018 0.7267647536833536 99670
86831 35774 0.9357035187286277 0.035658078300616736 0.0978838980360397 0.9457091626652149 70099
86062 50226 0.3510347116775945 0.9896799705430631 0.19484087675847395 0.238695013973663 57387
95670 99684 0.9124467926253618 0.513273072360258 0.9119310572098316 0.7007898672501801 81097
3331 89709 0.01333645774847314 0.6089698429245324 0.8110816856189726 0.902109803030829 97655
59135 17602 0.8802532950121211 0.5070938183733195 0.03981874119800499 0.6420998442248538 91226
74967 79949 0.7471462117878217 0.6706734014979091 0.222632734549695 0.14720940955087802 76432
49755 61267 0.6720151650234372 0.7068097683201754 0.6503973403418069 0.006177140718383378 19603
25702 4261 0.9521672688757602 0.8764390296739673 0.012271232092574191 0.7662446625200408 61583
43475 82342 0.7420612829922201 0.6214709134417732 0.5457019596520256 0.6356759503130803 56608
61029 94887 0.1251078693397517 0.5986749627477078 0.917016923992666 0.8619918718321653 71502
333 61830 0.5578801576961798 0.6047015126900986 0.23432332701095104 0.9740316278052912 1916
68768 21612 0.6728150148484197 0.9775244715998364 0.4560343286500417 0.2781009401690995 87351
23562 5752 0.5901764114872746 0.24486518974747395 0.5642873637075021 0.4869694994117617 78918
69215 85393 0.6255698923985247 0.7271085268367812 0.03235414751431809 0.4969269706319088 42483
98362 90732 0.14921673448878958 0.5271464460543369 0.6349785326253492 0.4342359147390591 55864
20030 42828 0.41797012537972167 0.9654455665410033 0.8536673127867439 0.304414742482513 25702
39022 99328 0.528638574885435 0.09069134484620689 0.732017196872253 0.23740502411764808 60582
22260 78625 0.9588314571209472 0.9052615555750568 0.23599034771430327 0.9137899422055714 18948
61142 47121 0.5102912099471364 0.9200818755434192 0.8675943224922558 0.15115710019006345 52933
16979 57461 0.5916076188554926 0.5764374000197162 0.8945670130746263 0.9791066515151935 60419
55895 23289 0.9847775015820499 0.2224735294103568 0.9144383539146471 0.9249929100361565 76251
78290 31546 0.5901584159472523 0.5196872902315954 0.38884209680514137 0.1864599612117216 71881
75441 10272 0.06360185725317313 0.3023782528654718 0.5485586052052445 0.23402427616715504 2929
7489 66836 0.1861422541853015 0.5730189834809525 0.9523303215815048 0.21117805395764577 5518
53574 89090 0.6725242862942774 0.5648667820908425 0.07331868562466204 0.9244897985831513 48356
20995 12435 0.36172144334303913 0.9890922819441021 0.011767871849829414 0.4868569186981926 68983
66259 49191 0.6902864269323491 0.8665462834167161 0.5710010151903818 0.033034482947499444 81709
52370 8752 0.0325256211298417 0.9715162946335076 0.43003578619630745 0.2995851857323636 48333
15303 15284 0.5800113588311939 0.7427189126287992 0.22958557615884656 0.2329746141412512 1320
94300 82473 0.25482283223896984 0.8558416722223817 0.895180100223932 0.6555825229923107 10997
26464 37336 0.44030678239946663 0.12565863320044435 0.16197618689881688 0.24331382504458277 848
11313 73749 0.02129954798991296 0.8059262191720249 0.3743142109152229 0.4415980305358618 5698
45575 6453 0.46028243836190497 0.487574295601073 0.7963588366753522 0.4075059315280528 87353
51872 93898 0.5267124412648629 0.6280598439080112 0.7249881064700368 0.2438284430846286 74623
40923 53577 0.3991349222756614 0.9664063729769553 0.5979555438370944 0.3653266147719283 32596
72883 73426 0.015504576631931166 0.5592671100917231 0.6723687873071896 0.6671060615537747 74254
6988 99582 0.6429427526204159 0.5947211427810603 0.6229597808795416 0.35629831441846316 93401
7044 99333 0.7774999240395774 0.8091132556533879 0.6098073890779946 0.6531255603717983 81656
85037 59367 0.5003114479356945 0.03435087249014901 0.4611940673526923 0.8974897625682708 52250
87706 59809 0.9767033442725391 0.6067304286649227 0.32198927580326864 0.56094909010752 32100
6870 37781 0.3134957840231396 0.14605353387922704 0.8994133015497501 0.969483472979513 5212
13520 3709 0.9456845065867752 0.30046311037364337 0.0652364592189627 0.6123195141507505 7028
72898 31273 0.23411176369146092 0.9680049804794404 0.10849717145018822 0.7374583476895972 84181
26652 24408 0.22018290859149559 0.419706531357253 0.827426012527785 0.7539592645547911 28283
8380 91514 0.4058026971054989 0.12269024240652138 0.05589128681261435 0.5732006972189255 43897
28490 72126 0.6195712396814217 0.20528344467771187 0.9622147909844928 0.04966320914234679 70230
20198 27962 0.013563062712545926 0.6976192904977442 0.9591603609700152 0.8411865495222731 18785
63881 46903 0.324420735512739 0.706694675608815 0.3465797846697203 0.9367970508302155 75208
17953 16953 0.12087898964218902 0.8920631750463407 0.3961745950829193 0.9752957154952775 92253
94075 77230 0.6637941670975679 0.5671523956928655 0.20950970438291872 0.23765272054323627 78194
75099 92344 0.013071263907714181 0.8996146587500341 0.6700892855349643 0.7605003399015583 85962
20899 34706 0.5624611761181412 0.2720169032540246 0.43961846122323445 0.04097093533698404 80309
23269 68267 0.4840795830614322 0.8075579826521648 0.8416841064698654 0.651169683352474 56331
9336 32274 0.42524750556699475 0.8040784822666949 0.21547243551637885 0.29023658725546575 63584
59618 55716 0.5720793046932114 0.5280098407454252 0.8504357843737645 0.08856620775033319 78862
45096 21338 0.20431907577998687 0.2698560407569033 0.01367810336729336 0.2829233514551307 65457
63858 85210 0.7116424763018068 0.2495625088714657 0.8962403911336305 0.8459951661500991 44078
53232 58544 0.08687505959626518 0.7580164708624623 0.17211493054854343 0.7486915848548472 94092
70344 84302 0.06172585401957409 0.32196192710988547 0.7454846003904949 0.5764164730194904 72883
23924 94904 0.9451862987296955 0.704198203684568 0.5551199649844628 0.9164747347085266 34299
78440 26243 0.31133209551040764 0.11959273438250817 0.7623228572201237 0.23744201763831507 60858
64933 39923 0.7383104501108079 0.7531151256941371 0.9442133993910994 0.5363725194465541 67984
20562 29918 0.03944688015771336 0.7844007848237113 0.12518237669026733 0.35596862884145974 82442
25716 18296 0.553194233528264 0.38713123015094897 0.05683781931881038 0.005441255718105387 18091
99683 79924 0.9666746243361092 0.202233378632808 0.2230539829602196 0.941102951851808 10410
16851 7387 0.7514115280634923 0.25622011485966656 0.05910591006833188 0.603914753831595 24675
22554 55740 0.7361108404044534 0.6241753445249557 0.8168209546315212 0.6301490107240445 94448
78770 20140 0.47877120218825797 0.5336222476884589 0.32132010175528924 0.069746763653041 80447
10008 34290 0.21190748976992846 0.2458846924023097 0.9652651680967986 0.43687512177849397 67676
27361 50854 0.1302118892789862 0.3467625474067043 0.5757451022886452 0.5126558132356688 98620
28710 25599 0.7308622999323772 0.5967636108325537 0.9312134262318378 0.06654607324802508 22828
79649 74832 0.3497860302825394 0.7877397865275159 0.3298209466334232 0.9151916567366004 25279
40045 88155 0.6905508091200239 0.2523383145128203 0.39498986136341363 0.16281842583421802 8957
68021 38992 0.1321081010570414 0.3358557751285487 0.028729894238639253 0.3395571985757906 560
28662 89731 0.4653907086325919 0.46872969093104244 0.04673591830175006 0.4490327567014525 4344
70536 40050 0.4091137180289073 0.7819958801520516 0.07437506240661707 0.3852451650423162 29080
24783 85701 0.8627455023017645 0.53175897312113 0.2718262316902401 0.44562610274393166 8454
69870 72199 0.07351150684762142 0.6660403099801024 0.27673269466736494 0.27508502259161915 21030
23494 93000 0.6519089234575266 0.22635911516971285 0.3583680971280747 0.450562303039304 3952
56389 73008 0.5862187181261724 0.4314200147643149 0.8516825911626789 0.7269857741644388 25896
53726 66526 0.03642583462165405 0.09118626507654681 0.15713940930424075 0.7942292708547234 99103
79595 35723 0.23678454815354988 0.6666588193891182 0.945836477524707 0.7219985876936224 15930
66934 59075 0.8052937839657344 0.7755865341822864 0.30248568729136394 0.9186115946067176 32656
65803 48180 0.8442785813062365 0.20245434772787252 0.5703805882913652 0.5045118313278464 18390
